0 0.803125 0.848148 0.018750 0.059259
0 0.838021 0.571296 0.017708 0.050000
0 0.258333 0.602778 0.014583 0.046296
0 0.145313 0.646296 0.015625 0.051852
0 0.139583 0.639815 0.010417 0.042593
0 0.159375 0.636111 0.012500 0.042593
0 0.159375 0.512963 0.016667 0.040741
0 0.159896 0.413889 0.017708 0.038889
0 0.249479 0.354630 0.009375 0.035185
0 0.315104 0.296296 0.007292 0.033333
0 0.363021 0.286111 0.009375 0.027778
0 0.184375 0.328704 0.012500 0.038889
0 0.316146 0.185185 0.007292 0.040741
0 0.377604 0.186111 0.007292 0.020370
0 0.259896 0.660185 0.013542 0.035185
0 0.498958 0.488889 0.010417 0.029630
0 0.540104 0.417593 0.011458 0.031481
0 0.600000 0.050926 0.004167 0.020370
0 0.605729 0.048148 0.005208 0.022222
0 0.466146 0.089815 0.005208 0.024074
0 0.507812 0.088889 0.007292 0.022222
0 0.514062 0.080556 0.005208 0.027778
0 0.511458 0.075926 0.006250 0.029630
0 0.048438 0.387963 0.019792 0.042593
0 0.008854 0.435185 0.017708 0.040741
0 0.126042 0.256481 0.010417 0.031481
0 0.121354 0.256481 0.009375 0.035185
0 0.400000 0.110185 0.006250 0.020370
0 0.391146 0.136111 0.007292 0.020370
0 0.333333 0.059259 0.006250 0.022222
0 0.148958 0.156481 0.008333 0.031481
0 0.160417 0.170370 0.010417 0.029630
0 0.362500 0.076852 0.006250 0.027778
0 0.364583 0.075000 0.004167 0.027778
0 0.335417 0.035185 0.004167 0.018519
0 0.115104 0.236111 0.007292 0.024074
0 0.119792 0.229630 0.010417 0.037037
0 0.081250 0.181481 0.008333 0.029630
0 0.580208 0.017593 0.006250 0.020370
