0 0.396691 0.049673 0.005147 0.015686
0 0.309559 0.904575 0.008824 0.020915
0 0.308824 0.503922 0.004412 0.016993
0 0.305147 0.500654 0.004412 0.015686
0 0.298529 0.521569 0.004412 0.010458
0 0.304412 0.517647 0.005882 0.015686
0 0.364338 0.803922 0.005147 0.015686
0 0.351838 0.805229 0.005147 0.015686
0 0.357721 0.800000 0.003676 0.015686
0 0.403676 0.732026 0.005882 0.023529
0 0.410294 0.728105 0.004412 0.020915
0 0.381985 0.633333 0.003676 0.016993
0 0.231250 0.435948 0.006618 0.016993
0 0.362132 0.981046 0.005147 0.009150
0 0.366544 0.981699 0.003676 0.010458
