0 0.825735 0.776471 0.016176 0.054902
0 0.941544 0.779085 0.013971 0.054902
0 0.037500 0.083660 0.008824 0.039216
0 0.062500 0.084967 0.008824 0.041830
0 0.268015 0.050980 0.006618 0.028758
0 0.272059 0.049673 0.007353 0.023529
0 0.278309 0.047712 0.008088 0.035294
0 0.196691 0.526797 0.008088 0.039216
0 0.204044 0.517647 0.011029 0.052288
0 0.213603 0.516993 0.012500 0.048366
0 0.351103 0.455556 0.013971 0.056209
0 0.396324 0.122876 0.007353 0.026144
0 0.377206 0.052288 0.004412 0.033987
0 0.404412 0.045098 0.005882 0.019608
0 0.408456 0.026144 0.003676 0.015686
0 0.790074 0.356863 0.008088 0.049673
0 0.792647 0.407190 0.007353 0.040523
