0 0.416406 0.202315 0.002604 0.012037
0 0.414583 0.192130 0.002083 0.010185
0 0.410417 0.232870 0.002083 0.012037
0 0.405729 0.237037 0.004167 0.014815
0 0.391146 0.260185 0.004167 0.018519
0 0.392708 0.184722 0.002083 0.010185
0 0.390365 0.188426 0.002604 0.012037
0 0.385677 0.192130 0.001563 0.012037
0 0.385677 0.228241 0.002604 0.013889
0 0.379427 0.234722 0.003646 0.017593
0 0.374219 0.239815 0.003646 0.014815
0 0.372656 0.258333 0.003646 0.018519
0 0.375260 0.258333 0.003646 0.018519
0 0.362240 0.256019 0.004687 0.015741
0 0.359635 0.281944 0.003646 0.021296
0 0.354948 0.273148 0.004687 0.016667
0 0.349479 0.289815 0.005208 0.016667
0 0.350000 0.281019 0.005208 0.017593
0 0.388021 0.283796 0.004167 0.015741
0 0.376823 0.302778 0.004687 0.016667
0 0.519271 0.570370 0.012500 0.077778
0 0.514323 0.566667 0.020313 0.070370
0 0.513542 0.616204 0.015625 0.060185
0 0.427604 0.608796 0.015625 0.062037
0 0.389583 0.614352 0.016667 0.058333
0 0.628125 0.622685 0.017708 0.071296
0 0.652604 0.606481 0.015625 0.081481
0 0.670573 0.625000 0.014063 0.070370
0 0.712500 0.568981 0.022917 0.071296
0 0.721875 0.592593 0.018750 0.083333
0 0.732031 0.602778 0.017188 0.075926
0 0.744531 0.573611 0.021354 0.067593
0 0.759896 0.568056 0.019792 0.062037
0 0.773958 0.584259 0.014583 0.075926
0 0.778385 0.596296 0.023438 0.068519
0 0.869531 0.541667 0.017188 0.077778
0 0.851562 0.543519 0.016667 0.068519
0 0.791406 0.961111 0.019271 0.077778
0 0.804427 0.970833 0.015104 0.058333
0 0.955990 0.898611 0.041146 0.087963
0 0.917708 0.773148 0.036458 0.085185
0 0.895052 0.683796 0.024479 0.082407
0 0.883594 0.688426 0.021354 0.071296
0 0.871094 0.660185 0.020313 0.092593
0 0.811198 0.559259 0.013021 0.066667
0 0.367708 0.350000 0.006250 0.024074
0 0.165885 0.556944 0.018229 0.073148
0 0.135417 0.588426 0.015625 0.073148
0 0.141146 0.580556 0.020833 0.075926
0 0.060937 0.499074 0.015625 0.053704
0 0.050521 0.496759 0.012500 0.056481
0 0.146094 0.521759 0.009896 0.041667
0 0.131510 0.490741 0.010937 0.042593
0 0.218229 0.514352 0.008333 0.037963
0 0.276823 0.427778 0.006771 0.033333
0 0.225781 0.460648 0.007812 0.037963
0 0.168229 0.454630 0.007292 0.037037
0 0.175781 0.452315 0.009896 0.037963
0 0.189323 0.449537 0.008854 0.037963
0 0.197135 0.453704 0.006771 0.037037
0 0.205469 0.429630 0.007812 0.029630
0 0.211198 0.443519 0.008854 0.027778
0 0.220312 0.430093 0.008333 0.028704
0 0.239063 0.428241 0.008333 0.030556
0 0.218750 0.394907 0.006250 0.036111
0 0.225000 0.396296 0.006250 0.033333
0 0.231771 0.387963 0.006250 0.031481
0 0.239063 0.386111 0.005208 0.029630
0 0.244010 0.386111 0.004687 0.029630
0 0.247396 0.412963 0.005208 0.033333
0 0.250521 0.412963 0.007292 0.033333
0 0.266406 0.404630 0.007812 0.035185
0 0.320573 0.355093 0.005729 0.034259
0 0.334115 0.354167 0.007812 0.030556
0 0.654948 0.249074 0.003646 0.009259
0 0.654427 0.297685 0.004687 0.023148
0 0.632292 0.299537 0.005208 0.023148
0 0.593750 0.326389 0.004167 0.023148
0 0.641667 0.351389 0.007292 0.028704
0 0.647396 0.353704 0.006250 0.029630
0 0.714844 0.540278 0.008854 0.041667
0 0.721875 0.538426 0.009375 0.047222
0 0.729948 0.509259 0.009896 0.044444
0 0.739844 0.508796 0.007812 0.039815
0 0.747656 0.510185 0.009896 0.042593
0 0.708594 0.476389 0.009896 0.032407
0 0.670833 0.480556 0.008333 0.040741
0 0.699479 0.442130 0.008333 0.030556
0 0.705729 0.429630 0.009375 0.027778
0 0.722917 0.423148 0.008333 0.029630
0 0.685156 0.428241 0.006771 0.032407
0 0.677604 0.427315 0.007292 0.032407
0 0.666667 0.425000 0.006250 0.025926
0 0.810156 0.495833 0.008854 0.028704
0 0.821094 0.439815 0.009896 0.035185
0 0.813021 0.435648 0.009375 0.036111
0 0.797917 0.424074 0.008333 0.037037
0 0.789844 0.422685 0.007812 0.036111
0 0.783854 0.420370 0.008333 0.037037
0 0.733333 0.407407 0.010417 0.022222
0 0.748958 0.400463 0.007292 0.034259
0 0.751302 0.377778 0.005729 0.031481
0 0.746094 0.379630 0.006771 0.029630
0 0.739844 0.378241 0.005729 0.030556
0 0.697656 0.407870 0.006771 0.025000
0 0.691146 0.390278 0.008333 0.025000
0 0.696875 0.381481 0.006250 0.022222
0 0.669792 0.373611 0.007292 0.032407
0 0.687500 0.357407 0.007292 0.027778
0 0.693750 0.355556 0.006250 0.027778
0 0.683854 0.346296 0.004167 0.027778
0 0.680729 0.339815 0.005208 0.024074
0 0.673698 0.347222 0.006771 0.027778
0 0.675260 0.334259 0.004687 0.027778
0 0.672917 0.333333 0.006250 0.029630
0 0.670052 0.332870 0.005729 0.026852
0 0.662240 0.329630 0.005729 0.025926
0 0.707031 0.331481 0.005729 0.027778
0 0.702604 0.321759 0.006250 0.023148
0 0.699479 0.323148 0.007292 0.025926
0 0.695312 0.315278 0.006250 0.026852
0 0.689583 0.315278 0.005208 0.025000
0 0.685156 0.303241 0.004687 0.023148
