0 0.664338 0.490196 0.013971 0.047059
0 0.645956 0.490850 0.009559 0.045752
0 0.204779 0.183007 0.006618 0.031373
0 0.165074 0.172549 0.005147 0.023529
0 0.136765 0.143791 0.004412 0.023529
0 0.140809 0.183007 0.006618 0.026144
0 0.080515 0.144444 0.008088 0.027451
0 0.012132 0.391503 0.012500 0.043137
0 0.011397 0.105882 0.005147 0.023529
0 0.005147 0.088235 0.005882 0.022222
0 0.025368 0.093464 0.003676 0.016993
0 0.009926 0.134641 0.005147 0.023529
0 0.022059 0.135948 0.005882 0.026144
0 0.017647 0.198693 0.007353 0.028758
0 0.020221 0.192157 0.005147 0.026144
0 0.033456 0.188235 0.006618 0.031373
0 0.030147 0.189542 0.007353 0.026144
0 0.045956 0.196732 0.006618 0.019608
0 0.053309 0.196732 0.008088 0.014379
0 0.055882 0.188889 0.005882 0.030065
0 0.068382 0.192810 0.005882 0.030065
0 0.075000 0.190196 0.004412 0.027451
0 0.072426 0.200000 0.006618 0.015686
0 0.095221 0.192157 0.006618 0.015686
0 0.084191 0.198693 0.006618 0.015686
0 0.105515 0.188889 0.006618 0.019608
0 0.122794 0.190196 0.007353 0.019608
0 0.117279 0.190196 0.006618 0.019608
0 0.111765 0.188889 0.005882 0.014379
