0 0.472135 0.675463 0.006771 0.050926
0 0.019271 0.886574 0.012500 0.060185
0 0.024219 0.906944 0.020313 0.073148
0 0.145833 0.809259 0.013542 0.048148
0 0.140625 0.766667 0.015625 0.050000
0 0.103646 0.616667 0.010417 0.040741
0 0.065885 0.615741 0.010937 0.040741
0 0.078646 0.645370 0.010417 0.035185
0 0.060937 0.668981 0.012500 0.036111
0 0.040885 0.700463 0.011979 0.043519
0 0.016667 0.740741 0.017708 0.048148
0 0.018750 0.700000 0.011458 0.042593
0 0.233594 0.495370 0.008854 0.027778
0 0.215365 0.410185 0.005729 0.027778
0 0.166406 0.564815 0.007812 0.035185
0 0.171354 0.592130 0.008333 0.041667
0 0.160156 0.594444 0.013021 0.037037
0 0.123438 0.500000 0.006250 0.029630
0 0.104167 0.536574 0.006250 0.034259
0 0.111979 0.531481 0.005208 0.029630
0 0.111198 0.557870 0.006771 0.037963
0 0.121875 0.544444 0.007292 0.029630
0 0.138021 0.545370 0.010417 0.035185
0 0.096615 0.502315 0.007812 0.036111
0 0.086979 0.475926 0.004167 0.024074
0 0.091146 0.482870 0.005208 0.028704
0 0.111198 0.441204 0.007812 0.034259
0 0.651823 0.579167 0.010937 0.032407
0 0.976823 0.803241 0.018229 0.056481
0 0.985156 0.943519 0.020313 0.055556
0 0.864323 0.877778 0.017188 0.057407
0 0.794531 0.832407 0.014063 0.044444
0 0.900000 0.871296 0.017708 0.055556
0 0.944531 0.954630 0.020313 0.057407
0 0.930990 0.907407 0.020313 0.050000
0 0.098177 0.413889 0.005729 0.022222
0 0.127344 0.419444 0.005729 0.025926
0 0.132292 0.420833 0.005208 0.023148
0 0.165625 0.376389 0.004167 0.021296
0 0.176823 0.366667 0.004687 0.020370
0 0.182292 0.367130 0.004167 0.019444
0 0.203646 0.371296 0.004167 0.022222
0 0.206510 0.389815 0.004687 0.020370
0 0.723177 0.753704 0.011979 0.040741
0 0.729948 0.736574 0.010937 0.037963
0 0.749740 0.434259 0.004687 0.027778
0 0.735156 0.442593 0.006771 0.027778
0 0.749740 0.464352 0.005729 0.028704
0 0.723437 0.409722 0.004167 0.019444
0 0.909375 0.442130 0.006250 0.030556
0 0.798438 0.424074 0.005208 0.025926
0 0.804948 0.424537 0.004687 0.026852
0 0.798698 0.460185 0.004687 0.025926
0 0.806250 0.524537 0.007292 0.030556
0 0.809375 0.464352 0.006250 0.032407
0 0.843750 0.468056 0.007292 0.026852
0 0.885938 0.472685 0.008333 0.026852
0 0.748177 0.739352 0.010937 0.043519
0 0.751302 0.788889 0.021354 0.046296
0 0.803906 0.689815 0.007812 0.042593
0 0.784375 0.531481 0.010417 0.029630
0 0.764583 0.507870 0.006250 0.032407
0 0.524219 0.360648 0.003646 0.017593
0 0.208854 0.409722 0.004167 0.023148
0 0.207031 0.413889 0.005729 0.022222
0 0.195052 0.410648 0.003646 0.021296
0 0.197396 0.415741 0.005208 0.022222
0 0.183594 0.417130 0.004687 0.025000
0 0.175781 0.415741 0.005729 0.024074
0 0.804167 0.606019 0.005208 0.041667
0 0.802865 0.613426 0.006771 0.041667
0 0.764844 0.717130 0.010937 0.039815
0 0.754167 0.518981 0.006250 0.036111
0 0.747396 0.518981 0.007292 0.032407
0 0.740885 0.518981 0.006771 0.032407
0 0.736458 0.516204 0.007292 0.032407
0 0.740625 0.499537 0.005208 0.032407
0 0.676562 0.400463 0.005208 0.023148
0 0.691667 0.409259 0.004167 0.022222
0 0.685417 0.427778 0.004167 0.025926
0 0.689583 0.428704 0.003125 0.022222
0 0.726562 0.457870 0.005208 0.025000
0 0.717448 0.458796 0.007812 0.025000
0 0.830208 0.771296 0.012500 0.033333
0 0.823698 0.766204 0.014063 0.045370
0 0.826042 0.695370 0.011458 0.046296
0 0.834115 0.701852 0.009896 0.046296
0 0.830990 0.712037 0.009896 0.046296
0 0.838021 0.718056 0.010417 0.050926
0 0.408073 0.405093 0.004687 0.023148
0 0.415104 0.405556 0.005208 0.022222
0 0.640104 0.494444 0.006250 0.024074
0 0.642708 0.498611 0.012500 0.023148
0 0.711979 0.425000 0.004167 0.025926
0 0.715625 0.424074 0.004167 0.025926
0 0.717708 0.437037 0.005208 0.024074
0 0.727344 0.395833 0.005729 0.023148
0 0.655990 0.472685 0.006771 0.030556
