0 0.489338 0.244444 0.003676 0.015686
0 0.536029 0.306536 0.002941 0.022222
0 0.537868 0.313072 0.003676 0.022222
0 0.530147 0.294771 0.002941 0.019608
0 0.550735 0.316993 0.004412 0.024837
0 0.456250 0.380392 0.011029 0.047059
0 0.406618 0.381046 0.013235 0.053595
0 0.557353 0.374510 0.004412 0.030065
0 0.565809 0.356863 0.006618 0.026144
0 0.562132 0.352288 0.003676 0.027451
0 0.566544 0.401961 0.012500 0.045752
0 0.594485 0.388889 0.009559 0.050980
0 0.594118 0.384967 0.010294 0.045752
0 0.670221 0.323529 0.005147 0.022222
0 0.687868 0.322222 0.005147 0.022222
0 0.705147 0.357516 0.002941 0.024837
0 0.710294 0.360131 0.004412 0.024837
0 0.687500 0.373856 0.005882 0.031373
0 0.692647 0.398039 0.005882 0.030065
0 0.698529 0.415033 0.005882 0.037908
0 0.703676 0.377778 0.005882 0.026144
0 0.694485 0.311111 0.002206 0.023529
0 0.698529 0.311111 0.004412 0.020915
0 0.696691 0.338562 0.005147 0.023529
0 0.696691 0.334641 0.005147 0.023529
0 0.800735 0.377124 0.010294 0.056209
0 0.790809 0.392810 0.009559 0.040523
0 0.747059 0.390850 0.010294 0.054902
0 0.755515 0.392810 0.008088 0.053595
0 0.755147 0.373856 0.007353 0.049673
0 0.747059 0.372549 0.008824 0.047059
0 0.726103 0.649020 0.015441 0.053595
0 0.705515 0.632026 0.012500 0.058824
0 0.687868 0.549673 0.012500 0.045752
0 0.690809 0.520915 0.011029 0.045752
0 0.672794 0.538562 0.007353 0.044444
0 0.652941 0.524183 0.007353 0.044444
0 0.650368 0.516340 0.005147 0.044444
0 0.644118 0.513072 0.007353 0.043137
0 0.674632 0.509150 0.009559 0.045752
0 0.663235 0.513725 0.007353 0.044444
0 0.656985 0.512418 0.006618 0.041830
0 0.312868 0.380392 0.009559 0.047059
0 0.309926 0.373856 0.008088 0.047059
0 0.240809 0.315686 0.005147 0.022222
0 0.234559 0.332026 0.004412 0.023529
0 0.229779 0.332026 0.005147 0.023529
0 0.209191 0.303922 0.006618 0.022222
0 0.205515 0.303268 0.005147 0.020915
0 0.168750 0.335948 0.008088 0.026144
0 0.158088 0.332680 0.005882 0.027451
0 0.247059 0.377778 0.011765 0.062745
0 0.243382 0.371242 0.010294 0.060131
0 0.227206 0.375817 0.011765 0.061438
0 0.202206 0.380392 0.011765 0.052288
0 0.191544 0.383007 0.011029 0.052288
0 0.162500 0.397386 0.008824 0.060131
0 0.149265 0.337908 0.005882 0.022222
0 0.149632 0.332680 0.005147 0.030065
0 0.140809 0.390196 0.015441 0.064052
0 0.127574 0.386275 0.011029 0.050980
0 0.119853 0.356209 0.011765 0.048366
0 0.115074 0.391503 0.012500 0.050980
0 0.111397 0.386275 0.008088 0.053595
0 0.098897 0.395425 0.012500 0.069281
0 0.091912 0.398039 0.016176 0.069281
0 0.016912 0.413072 0.010294 0.065359
0 0.012132 0.568627 0.012500 0.049673
0 0.004044 0.575817 0.008088 0.050980
0 0.026471 0.571242 0.010294 0.049673
0 0.108456 0.490850 0.009559 0.045752
0 0.089706 0.476471 0.007353 0.045752
0 0.081618 0.473203 0.010294 0.049673
0 0.195221 0.503922 0.008088 0.048366
0 0.201838 0.504575 0.008088 0.049673
0 0.208824 0.492810 0.007353 0.044444
0 0.234926 0.475817 0.009559 0.044444
0 0.226103 0.473856 0.008088 0.050980
0 0.217647 0.462745 0.005882 0.041830
0 0.203309 0.491503 0.006618 0.041830
