0 0.547135 0.770370 0.024479 0.088889
0 0.454948 0.721759 0.020313 0.086111
0 0.710677 0.799074 0.024479 0.079630
0 0.763281 0.776389 0.021354 0.091667
0 0.764062 0.743056 0.015625 0.076852
0 0.746615 0.742130 0.021354 0.076852
0 0.898698 0.761574 0.024479 0.078704
0 0.888542 0.748611 0.023958 0.080556
0 0.975521 0.824074 0.019792 0.096296
0 0.971875 0.810185 0.027083 0.092593
0 0.408073 0.738426 0.021354 0.084259
0 0.369010 0.740741 0.014063 0.074074
0 0.362240 0.721296 0.015104 0.075926
0 0.216927 0.827778 0.018229 0.074074
0 0.225521 0.801852 0.019792 0.083333
0 0.214583 0.789352 0.017708 0.069444
0 0.144271 0.810648 0.019792 0.086111
0 0.135417 0.778241 0.019792 0.087963
0 0.240104 0.746296 0.018750 0.075926
0 0.250781 0.734259 0.018229 0.077778
0 0.827604 0.677315 0.011458 0.043519
0 0.820833 0.610648 0.012500 0.036111
0 0.863021 0.686574 0.013542 0.041667
0 0.876563 0.676852 0.015625 0.055556
0 0.736719 0.643981 0.008854 0.037963
0 0.726562 0.692130 0.009375 0.039815
0 0.694792 0.546296 0.006250 0.035185
0 0.715885 0.570833 0.010937 0.043519
0 0.709635 0.554630 0.008854 0.038889
0 0.720833 0.554630 0.008333 0.040741
0 0.801562 0.628241 0.009375 0.043519
0 0.809375 0.631481 0.007292 0.037037
0 0.708854 0.499074 0.006250 0.037037
0 0.804167 0.937963 0.017708 0.068519
0 0.828906 0.921759 0.016146 0.058333
0 0.836198 0.964352 0.013021 0.047222
0 0.073177 0.950000 0.017188 0.038889
0 0.043490 0.958796 0.017188 0.043519
0 0.023698 0.951389 0.018229 0.060185
0 0.204167 0.701389 0.013542 0.049074
0 0.194010 0.698611 0.014063 0.058333
0 0.040104 0.741204 0.012500 0.045370
0 0.027083 0.744444 0.011458 0.050000
0 0.070573 0.697222 0.017188 0.051852
0 0.103906 0.679630 0.011979 0.035185
0 0.104688 0.661574 0.012500 0.041667
0 0.130990 0.594907 0.010937 0.036111
0 0.090885 0.585185 0.010937 0.038889
0 0.070833 0.535648 0.011458 0.025000
0 0.596875 0.401852 0.005208 0.025926
0 0.576823 0.438889 0.004687 0.027778
0 0.580990 0.433333 0.003646 0.029630
0 0.567448 0.406944 0.004687 0.026852
0 0.579167 0.408796 0.007292 0.026852
0 0.587500 0.403704 0.004167 0.020370
0 0.603385 0.373148 0.004687 0.020370
0 0.606510 0.372685 0.003646 0.019444
0 0.506510 0.300926 0.002604 0.014815
0 0.478906 0.288426 0.002604 0.012037
0 0.120313 0.419907 0.007292 0.015741
0 0.222656 0.384259 0.005729 0.020370
0 0.194271 0.374074 0.005208 0.024074
0 0.188281 0.368056 0.003646 0.019444
0 0.170313 0.350926 0.005208 0.024074
0 0.193750 0.353704 0.004167 0.022222
0 0.191927 0.353704 0.003646 0.016667
