0 0.240885 0.503241 0.006771 0.036111
0 0.248438 0.503241 0.008333 0.034259
0 0.775521 0.963889 0.014583 0.072222
0 0.711979 0.904167 0.021875 0.063889
0 0.817448 0.908796 0.011979 0.067593
0 0.806510 0.782407 0.014063 0.059259
0 0.798698 0.849074 0.021354 0.053704
0 0.784896 0.775926 0.010417 0.055556
0 0.793229 0.777778 0.010417 0.055556
0 0.762240 0.679167 0.008854 0.052778
0 0.808073 0.659259 0.008854 0.048148
0 0.783594 0.686111 0.011979 0.055556
0 0.791667 0.651389 0.010417 0.043519
0 0.697135 0.699537 0.011979 0.049074
0 0.666406 0.611111 0.009896 0.040741
0 0.628906 0.529630 0.008854 0.038889
0 0.695052 0.531944 0.008854 0.034259
0 0.770052 0.518981 0.007812 0.036111
0 0.757552 0.520370 0.007812 0.035185
0 0.754427 0.509722 0.009896 0.036111
0 0.897135 0.839815 0.017188 0.062963
0 0.621354 0.491667 0.007292 0.031481
0 0.627083 0.493519 0.006250 0.029630
0 0.655208 0.482870 0.006250 0.030556
0 0.661198 0.482870 0.005729 0.030556
0 0.630469 0.468981 0.005729 0.021296
0 0.588542 0.441204 0.007292 0.028704
0 0.634896 0.434259 0.006250 0.027778
0 0.642188 0.434722 0.005208 0.026852
0 0.646875 0.435185 0.005208 0.025926
0 0.651823 0.437500 0.005729 0.028704
0 0.633594 0.411111 0.005729 0.024074
0 0.639323 0.412037 0.004687 0.024074
0 0.643750 0.379167 0.005208 0.021296
0 0.582812 0.337037 0.003125 0.018519
0 0.591146 0.358796 0.005208 0.021296
0 0.597135 0.359722 0.003646 0.021296
0 0.607812 0.372685 0.004167 0.021296
0 0.608854 0.358796 0.004167 0.017593
0 0.601042 0.360185 0.003125 0.018519
0 0.603906 0.358796 0.003646 0.021296
0 0.617448 0.425000 0.005729 0.016667
0 0.589063 0.420370 0.006250 0.020370
0 0.571354 0.390741 0.005208 0.022222
0 0.580990 0.413426 0.004687 0.025000
0 0.577865 0.414352 0.005729 0.025000
0 0.569010 0.412500 0.004687 0.021296
0 0.564844 0.412500 0.003646 0.021296
