0 0.348162 0.740523 0.008088 0.037908
0 0.264706 0.772549 0.007353 0.036601
0 0.627574 0.585621 0.005147 0.018301
0 0.598162 0.585621 0.006618 0.026144
0 0.409191 0.629412 0.003676 0.027451
0 0.401838 0.632680 0.005147 0.026144
0 0.413603 0.560784 0.005147 0.026144
0 0.418015 0.560784 0.005147 0.020915
0 0.718015 0.667320 0.005147 0.032680
0 0.919118 0.621569 0.007353 0.022222
0 0.974632 0.551634 0.006618 0.023529
0 0.235662 0.790850 0.008088 0.033987
0 0.241176 0.783007 0.010294 0.028758
0 0.251103 0.792810 0.009559 0.027451
0 0.258456 0.839869 0.008088 0.030065
0 0.615074 0.545752 0.005147 0.022222
0 0.619485 0.549020 0.005147 0.020915
0 0.624632 0.548366 0.005147 0.022222
0 0.594118 0.586275 0.004412 0.022222
0 0.587500 0.538562 0.005882 0.013072
0 0.575735 0.483660 0.004412 0.013072
0 0.547794 0.449673 0.002941 0.007843
0 0.543015 0.435948 0.003676 0.009150
0 0.499632 0.470588 0.003676 0.007843
0 0.688235 0.647059 0.007353 0.018301
0 0.704779 0.650327 0.005147 0.030065
0 0.384926 0.686275 0.008088 0.023529
0 0.388971 0.681046 0.005882 0.026144
