0 0.538021 0.582407 0.013542 0.027778
0 0.683854 0.630556 0.011458 0.050000
0 0.693750 0.638889 0.010417 0.044444
0 0.701562 0.680556 0.009375 0.050000
0 0.713542 0.678704 0.010417 0.046296
0 0.650000 0.404630 0.008333 0.035185
0 0.567187 0.447222 0.011458 0.035185
0 0.546354 0.420370 0.009375 0.033333
0 0.516146 0.342593 0.007292 0.033333
0 0.506250 0.392593 0.008333 0.022222
0 0.457292 0.415741 0.008333 0.027778
0 0.468750 0.406481 0.008333 0.027778
0 0.291667 0.575000 0.012500 0.042593
0 0.299479 0.672222 0.013542 0.051852
0 0.383854 0.346296 0.009375 0.029630
0 0.409375 0.294444 0.006250 0.025926
0 0.413021 0.272222 0.007292 0.025926
0 0.418229 0.275000 0.005208 0.024074
0 0.682813 0.364815 0.007292 0.033333
0 0.681250 0.393519 0.006250 0.027778
0 0.644271 0.315741 0.007292 0.027778
0 0.510417 0.206481 0.004167 0.016667
0 0.541146 0.202778 0.003125 0.016667
0 0.528125 0.184259 0.004167 0.012963
0 0.607812 0.177778 0.003125 0.014815
0 0.601042 0.178704 0.004167 0.016667
0 0.544271 0.093519 0.003125 0.012963
