0 0.091927 0.697222 0.013021 0.072222
0 0.005990 0.609259 0.011979 0.057407
0 0.010937 0.606944 0.013542 0.054630
0 0.112500 0.669444 0.010417 0.057407
0 0.157031 0.585185 0.011979 0.044444
0 0.169271 0.583796 0.013542 0.049074
0 0.159896 0.564815 0.010417 0.025926
0 0.163542 0.564815 0.008333 0.025926
0 0.183854 0.563889 0.007292 0.040741
0 0.226823 0.601389 0.010937 0.043519
0 0.239063 0.530556 0.006250 0.035185
0 0.267188 0.572222 0.008333 0.040741
0 0.278906 0.557870 0.009896 0.032407
0 0.253125 0.508796 0.006250 0.028704
0 0.257552 0.508796 0.006771 0.028704
0 0.263802 0.507870 0.006771 0.030556
0 0.286719 0.484259 0.005729 0.027778
0 0.571094 0.839815 0.022396 0.075926
0 0.567187 0.717130 0.016667 0.073148
0 0.584896 0.680093 0.012500 0.058333
0 0.540625 0.580093 0.008333 0.043519
0 0.603646 0.631481 0.009375 0.055556
0 0.628385 0.668519 0.015104 0.033333
0 0.663281 0.670370 0.008854 0.048148
0 0.730208 0.642130 0.009375 0.052778
0 0.706771 0.636574 0.012500 0.056481
0 0.693229 0.631481 0.010417 0.057407
0 0.689063 0.625926 0.008333 0.050000
0 0.546615 0.529630 0.006771 0.027778
0 0.505990 0.508796 0.006771 0.023148
0 0.818750 0.581019 0.010417 0.052778
0 0.760938 0.530093 0.012500 0.030556
0 0.773698 0.527778 0.005729 0.022222
0 0.775521 0.531481 0.007292 0.025926
0 0.783333 0.539815 0.007292 0.020370
0 0.720573 0.508796 0.005729 0.036111
0 0.707812 0.504167 0.006250 0.028704
0 0.686719 0.527315 0.007812 0.017593
0 0.567187 0.474537 0.005208 0.019444
0 0.669271 0.590278 0.007292 0.043519
0 0.590104 0.453704 0.004167 0.018519
0 0.584115 0.444444 0.003646 0.014815
0 0.642969 0.453241 0.003646 0.019444
0 0.626042 0.453704 0.004167 0.012963
0 0.630208 0.454167 0.004167 0.013889
0 0.635677 0.441667 0.002604 0.016667
0 0.637760 0.441667 0.002604 0.016667
0 0.532031 0.496759 0.005729 0.023148
0 0.512760 0.495833 0.005729 0.023148
0 0.515885 0.482407 0.004687 0.018519
0 0.522917 0.481019 0.005208 0.021296
0 0.527344 0.486111 0.005729 0.020370
0 0.485156 0.437037 0.003646 0.011111
0 0.491406 0.437963 0.003646 0.014815
0 0.492969 0.438426 0.002604 0.013889
0 0.498177 0.441204 0.002604 0.017593
0 0.495312 0.441667 0.003125 0.011111
0 0.405469 0.457870 0.002604 0.019444
