0 0.098897 0.140523 0.006618 0.027451
0 0.106985 0.145098 0.005147 0.026144
0 0.264706 0.128105 0.007353 0.023529
0 0.302574 0.108497 0.005147 0.026144
0 0.320956 0.062745 0.003676 0.018301
0 0.310662 0.060784 0.003676 0.019608
0 0.315809 0.061438 0.003676 0.015686
0 0.252574 0.196078 0.006618 0.020915
0 0.433456 0.200000 0.008088 0.028758
0 0.436029 0.201961 0.008824 0.030065
0 0.524632 0.088235 0.005147 0.024837
0 0.515441 0.084967 0.004412 0.026144
0 0.468750 0.087582 0.005147 0.018301
0 0.443750 0.079085 0.005147 0.016993
0 0.438971 0.077124 0.005882 0.018301
0 0.570588 0.033987 0.004412 0.015686
0 0.485662 0.047712 0.003676 0.014379
0 0.498529 0.049673 0.002941 0.013072
0 0.379779 0.035948 0.003676 0.014379
0 0.804412 0.376471 0.013235 0.031373
0 0.650735 0.097386 0.002941 0.019608
0 0.653309 0.096732 0.003676 0.010458
