0 0.308824 0.848366 0.017647 0.081046
0 0.290441 0.907190 0.019118 0.091503
0 0.292279 0.851634 0.019853 0.082353
0 0.367647 0.483660 0.011765 0.052288
0 0.379412 0.351634 0.007353 0.041830
0 0.373529 0.347712 0.010294 0.039216
0 0.392279 0.158170 0.005147 0.015686
0 0.402941 0.162092 0.004412 0.015686
0 0.398897 0.269935 0.006618 0.022222
0 0.404412 0.380392 0.011765 0.026144
0 0.591544 0.343137 0.006618 0.035294
0 0.540809 0.253595 0.006618 0.026144
0 0.548897 0.252941 0.005147 0.027451
0 0.244485 0.686275 0.015441 0.065359
