0 0.984191 0.888235 0.030147 0.082353
0 0.244485 0.340523 0.009559 0.045752
0 0.289338 0.335294 0.013971 0.043137
0 0.402206 0.531373 0.014706 0.064052
0 0.415809 0.533987 0.013971 0.064052
0 0.438603 0.539216 0.015441 0.066667
0 0.418015 0.441830 0.018382 0.047059
0 0.592647 0.559477 0.020588 0.067974
0 0.543015 0.280392 0.006618 0.040523
0 0.549632 0.284314 0.011029 0.045752
0 0.556985 0.235294 0.008088 0.041830
0 0.564706 0.232680 0.007353 0.039216
0 0.558824 0.267974 0.005882 0.031373
0 0.561765 0.264052 0.007353 0.026144
0 0.637132 0.263399 0.011029 0.043137
0 0.660662 0.211765 0.008088 0.033987
0 0.639706 0.179739 0.007353 0.027451
0 0.687500 0.494771 0.017647 0.061438
0 0.702941 0.485621 0.013235 0.048366
0 0.702941 0.466013 0.010294 0.048366
0 0.815809 0.326797 0.012500 0.044444
0 0.819853 0.338562 0.013235 0.041830
