0 0.669010 0.396759 0.006771 0.021296
0 0.633854 0.468056 0.005208 0.017593
0 0.614323 0.461574 0.004687 0.025000
0 0.076563 0.441204 0.006250 0.025000
0 0.016667 0.496759 0.010417 0.037963
0 0.013021 0.462037 0.007292 0.025926
0 0.019792 0.466667 0.006250 0.025926
0 0.066406 0.437037 0.005729 0.024074
0 0.058594 0.431944 0.004687 0.025000
0 0.048958 0.431481 0.006250 0.029630
0 0.042188 0.430556 0.006250 0.029630
0 0.215885 0.324074 0.003646 0.020370
0 0.215625 0.310648 0.003125 0.015741
0 0.222656 0.450926 0.004687 0.025926
0 0.229427 0.452315 0.004687 0.025000
0 0.237500 0.445833 0.005208 0.026852
0 0.253125 0.444907 0.006250 0.026852
0 0.248958 0.362037 0.006250 0.014815
0 0.256771 0.361574 0.005208 0.013889
0 0.256771 0.354630 0.004167 0.020370
0 0.249479 0.349537 0.004167 0.019444
0 0.268490 0.346296 0.004687 0.016667
0 0.264844 0.347685 0.003646 0.017593
0 0.263021 0.333796 0.003125 0.015741
0 0.260417 0.333796 0.003125 0.017593
0 0.265625 0.333796 0.004167 0.019444
0 0.269531 0.331019 0.003646 0.017593
0 0.271875 0.337963 0.004167 0.020370
0 0.275781 0.328704 0.003646 0.011111
0 0.297396 0.338889 0.003125 0.016667
0 0.302865 0.337500 0.004687 0.021296
0 0.271094 0.266667 0.002604 0.012963
0 0.279948 0.263426 0.002604 0.010185
0 0.301823 0.306019 0.003646 0.008333
0 0.296094 0.310185 0.004687 0.012963
0 0.316667 0.326389 0.003125 0.010185
0 0.311198 0.317130 0.003646 0.012037
0 0.422396 0.284259 0.004167 0.011111
0 0.426823 0.282407 0.003646 0.012963
0 0.437760 0.357407 0.005729 0.018519
0 0.553125 0.243056 0.002083 0.012037
0 0.548698 0.242593 0.002604 0.011111
0 0.543490 0.240278 0.002604 0.006481
0 0.618229 0.432870 0.006250 0.019444
0 0.614583 0.445833 0.005208 0.017593
0 0.607812 0.451852 0.005208 0.025926
0 0.597396 0.444444 0.005208 0.018519
0 0.587760 0.432870 0.005729 0.021296
0 0.576302 0.432870 0.006771 0.015741
0 0.560677 0.407407 0.004687 0.014815
0 0.601823 0.415741 0.004687 0.014815
0 0.600781 0.412500 0.004687 0.013889
0 0.552344 0.400463 0.005729 0.012037
0 0.629427 0.382407 0.003646 0.020370
0 0.626042 0.381481 0.003125 0.022222
0 0.603125 0.371759 0.004167 0.021296
0 0.598958 0.371296 0.003125 0.022222
0 0.594271 0.370370 0.003125 0.018519
0 0.538281 0.380556 0.004687 0.011111
0 0.543229 0.375463 0.004167 0.013889
0 0.733333 0.312500 0.003125 0.015741
0 0.720573 0.307407 0.003646 0.016667
0 0.687240 0.310648 0.003646 0.015741
0 0.710417 0.317130 0.003125 0.017593
0 0.707292 0.318981 0.004167 0.017593
0 0.702344 0.320833 0.003646 0.015741
0 0.699479 0.324074 0.002083 0.014815
0 0.702083 0.311574 0.002083 0.015741
0 0.695833 0.309722 0.003125 0.015741
0 0.661198 0.293981 0.002604 0.015741
0 0.656771 0.293981 0.004167 0.017593
0 0.651042 0.308796 0.005208 0.017593
0 0.644010 0.332870 0.004687 0.015741
0 0.628906 0.330556 0.003646 0.016667
0 0.575000 0.365278 0.005208 0.010185
0 0.584635 0.360185 0.004687 0.011111
0 0.548958 0.346759 0.004167 0.012037
0 0.543750 0.335648 0.004167 0.013889
0 0.610156 0.325463 0.004687 0.017593
0 0.605469 0.320370 0.004687 0.020370
0 0.600781 0.340741 0.004687 0.018519
0 0.596354 0.339352 0.003125 0.015741
0 0.593229 0.340278 0.003125 0.015741
0 0.589844 0.337963 0.003646 0.016667
0 0.588542 0.337037 0.005208 0.018519
0 0.522656 0.321296 0.003646 0.012963
0 0.526302 0.310185 0.003646 0.011111
0 0.598698 0.321759 0.004687 0.013889
0 0.625521 0.292593 0.003125 0.012963
0 0.623177 0.289352 0.003646 0.013889
0 0.620573 0.284259 0.003646 0.016667
0 0.612500 0.301852 0.004167 0.014815
0 0.610938 0.305093 0.003125 0.015741
0 0.608854 0.306481 0.003125 0.014815
0 0.600521 0.306944 0.003125 0.013889
0 0.603385 0.307407 0.003646 0.014815
0 0.593229 0.301389 0.003125 0.013889
0 0.602083 0.298148 0.003125 0.014815
0 0.597656 0.293981 0.003646 0.013889
0 0.586979 0.290278 0.004167 0.015741
0 0.569531 0.286111 0.003646 0.014815
0 0.569010 0.271296 0.002604 0.012963
0 0.522656 0.291667 0.003646 0.014815
0 0.529948 0.288889 0.002604 0.014815
0 0.526823 0.271296 0.002604 0.009259
0 0.526823 0.282407 0.002604 0.011111
0 0.520833 0.279167 0.002083 0.012037
0 0.522396 0.274074 0.003125 0.014815
0 0.525000 0.259259 0.003125 0.011111
0 0.522135 0.260648 0.001563 0.010185
0 0.518490 0.261574 0.002604 0.010185
0 0.520312 0.256019 0.003125 0.012037
