0 0.401838 0.473203 0.005147 0.015686
0 0.406985 0.462745 0.006618 0.033987
0 0.762500 0.428105 0.007353 0.022222
0 0.773162 0.366013 0.011029 0.031373
0 0.751471 0.359477 0.007353 0.028758
0 0.719853 0.343791 0.005882 0.026144
0 0.847794 0.228105 0.005882 0.024837
0 0.661765 0.361438 0.007353 0.024837
0 0.594485 0.354248 0.006618 0.023529
0 0.595588 0.265359 0.007353 0.023529
0 0.443750 0.390196 0.006618 0.022222
0 0.440809 0.339869 0.005147 0.026144
0 0.436397 0.335948 0.005147 0.028758
0 0.442279 0.317647 0.005147 0.023529
0 0.444485 0.298039 0.006618 0.028758
0 0.620221 0.234641 0.005147 0.024837
0 0.545221 0.264052 0.003676 0.026144
0 0.536397 0.277124 0.006618 0.028758
0 0.540441 0.249020 0.005882 0.030065
0 0.519118 0.226797 0.005882 0.022222
0 0.517279 0.222876 0.005147 0.024837
0 0.406618 0.111111 0.005882 0.018301
