0 0.440441 0.955556 0.005882 0.010458
0 0.435294 0.953595 0.005882 0.016993
0 0.441544 0.736601 0.003676 0.019608
0 0.452206 0.812418 0.005882 0.011765
0 0.516176 0.681046 0.005882 0.010458
0 0.513603 0.628758 0.005147 0.013072
0 0.430515 0.733987 0.005147 0.011765
0 0.372426 0.835294 0.005147 0.010458
0 0.380515 0.821569 0.005147 0.009150
0 0.439706 0.616993 0.005882 0.010458
0 0.437868 0.607843 0.005147 0.010458
0 0.404779 0.616340 0.005147 0.009150
0 0.406250 0.609804 0.006618 0.009150
0 0.397059 0.620915 0.004412 0.010458
0 0.390074 0.611765 0.005147 0.010458
0 0.422426 0.722876 0.005147 0.010458
0 0.424632 0.716993 0.005147 0.009150
0 0.579779 0.558824 0.006618 0.011765
0 0.588971 0.560131 0.005882 0.009150
0 0.569485 0.536601 0.005147 0.011765
0 0.518382 0.551634 0.007353 0.015686
0 0.515809 0.466013 0.005147 0.014379
0 0.540441 0.541176 0.005882 0.013072
0 0.537868 0.535948 0.005147 0.010458
0 0.584926 0.568627 0.003676 0.007843
0 0.588603 0.566013 0.005147 0.007843
0 0.506618 0.547059 0.005882 0.006536
0 0.504412 0.539869 0.005882 0.007843
0 0.378676 0.462745 0.004412 0.010458
0 0.373529 0.456863 0.005882 0.009150
0 0.033824 0.685621 0.010294 0.009150
0 0.006985 0.686928 0.013971 0.011765
0 0.052206 0.667974 0.011765 0.010458
0 0.052574 0.660131 0.012500 0.013072
0 0.044118 0.635948 0.010294 0.011765
0 0.757353 0.432680 0.005882 0.010458
0 0.748897 0.434641 0.008088 0.011765
0 0.802941 0.529412 0.008824 0.010458
0 0.806250 0.518954 0.011029 0.007843
0 0.575000 0.351634 0.005882 0.013072
0 0.579044 0.350327 0.003676 0.015686
0 0.360294 0.190196 0.005882 0.014379
0 0.430515 0.167974 0.005147 0.014379
0 0.498897 0.113725 0.005147 0.015686
0 0.491176 0.115686 0.005882 0.014379
0 0.564338 0.079085 0.005147 0.016993
0 0.567279 0.069281 0.005147 0.013072
0 0.573529 0.062745 0.002941 0.015686
0 0.576471 0.049673 0.004412 0.013072
0 0.576471 0.083007 0.004412 0.011765
0 0.822059 0.047059 0.007353 0.015686
