0 0.250000 0.601961 0.014706 0.077124
0 0.230882 0.590196 0.013235 0.069281
0 0.450368 0.775817 0.013971 0.061438
0 0.454779 0.791503 0.008088 0.043137
0 0.282721 0.490850 0.011029 0.056209
0 0.277206 0.524837 0.011765 0.056209
0 0.281985 0.516993 0.006618 0.037908
0 0.270956 0.544444 0.012500 0.045752
0 0.877941 0.370588 0.010294 0.045752
0 0.255147 0.483007 0.013235 0.056209
0 0.084191 0.027451 0.009559 0.036601
0 0.642647 0.493464 0.010294 0.053595
0 0.648529 0.423529 0.011765 0.054902
0 0.633088 0.437908 0.010294 0.054902
0 0.617279 0.388235 0.012500 0.054902
0 0.628309 0.425490 0.009559 0.053595
0 0.661397 0.467320 0.015441 0.048366
0 0.444485 0.005229 0.006618 0.010458
