0 0.763603 0.475817 0.016912 0.070588
0 0.758456 0.419608 0.018382 0.070588
0 0.783824 0.390850 0.017647 0.073203
0 0.798897 0.403268 0.016912 0.066667
0 0.799632 0.389542 0.013971 0.067974
0 0.953309 0.536601 0.027206 0.074510
0 0.975000 0.545098 0.026471 0.073203
0 0.969853 0.538562 0.016176 0.096732
0 0.809191 0.292810 0.013971 0.057516
0 0.319485 0.639216 0.015441 0.023529
0 0.302574 0.629412 0.019853 0.045752
0 0.327574 0.456209 0.021324 0.081046
0 0.336397 0.443791 0.016912 0.066667
0 0.385662 0.463399 0.021324 0.069281
0 0.371324 0.435294 0.011765 0.062745
0 0.378676 0.439216 0.011765 0.062745
