0 0.349219 0.365278 0.006771 0.030556
0 0.354427 0.361111 0.004687 0.037037
0 0.357812 0.360185 0.005208 0.024074
0 0.544531 0.381944 0.007812 0.030556
0 0.329688 0.114352 0.004167 0.023148
0 0.358333 0.075926 0.003125 0.020370
0 0.366146 0.067130 0.003125 0.021296
0 0.364063 0.068981 0.003125 0.017593
0 0.354948 0.068519 0.003646 0.018519
0 0.348438 0.076389 0.004167 0.019444
0 0.431771 0.211574 0.005208 0.030556
0 0.535156 0.196296 0.004687 0.027778
0 0.529687 0.193981 0.004167 0.028704
0 0.535417 0.181019 0.006250 0.021296
0 0.563281 0.157870 0.003646 0.026852
0 0.407292 0.031481 0.003125 0.012963
0 0.539844 0.043981 0.002604 0.017593
0 0.533594 0.047685 0.002604 0.012037
0 0.727083 0.226852 0.009375 0.016667
0 0.931771 0.160648 0.007292 0.030556
