0 0.181250 0.364052 0.008088 0.019608
0 0.202206 0.385621 0.005882 0.028758
0 0.134559 0.487582 0.017647 0.060131
0 0.038235 0.811765 0.025000 0.065359
0 0.061397 0.799346 0.021324 0.064052
0 0.105882 0.656209 0.020588 0.073203
0 0.134926 0.698693 0.012500 0.061438
0 0.157721 0.721569 0.021324 0.039216
0 0.151471 0.680392 0.013235 0.058824
0 0.156250 0.671242 0.011029 0.064052
0 0.177941 0.670588 0.013235 0.062745
0 0.189706 0.661438 0.016176 0.067974
0 0.191544 0.639869 0.012500 0.053595
0 0.197059 0.637908 0.011765 0.060131
0 0.165074 0.656209 0.011029 0.062745
0 0.163235 0.638562 0.008824 0.050980
0 0.170588 0.639216 0.013235 0.052288
0 0.256618 0.295425 0.004412 0.018301
0 0.259559 0.294118 0.004412 0.018301
0 0.350735 0.482353 0.019118 0.067974
0 0.398162 0.469935 0.012500 0.071895
0 0.405515 0.495425 0.012500 0.073203
0 0.420221 0.484314 0.015441 0.066667
0 0.553309 0.488889 0.018382 0.067974
0 0.562132 0.473203 0.018382 0.081046
0 0.599632 0.502614 0.018382 0.058824
0 0.588603 0.499346 0.015441 0.057516
0 0.665074 0.483660 0.016912 0.091503
0 0.611765 0.436601 0.025000 0.039216
0 0.378309 0.264052 0.002206 0.010458
0 0.376471 0.262092 0.002941 0.014379
0 0.420588 0.258170 0.002941 0.009150
0 0.446324 0.256863 0.002941 0.011765
0 0.450735 0.259477 0.004412 0.011765
0 0.567279 0.313725 0.003676 0.013072
0 0.578676 0.324183 0.002941 0.013072
