0 0.288603 0.968627 0.008088 0.031373
0 0.298162 0.953595 0.006618 0.032680
0 0.296691 0.950980 0.005147 0.016993
0 0.492647 0.974510 0.007353 0.037908
0 0.411029 0.774510 0.005882 0.024837
0 0.511029 0.803922 0.005882 0.023529
0 0.516912 0.809150 0.005882 0.023529
0 0.518382 0.800000 0.005882 0.023529
0 0.368750 0.784314 0.006618 0.028758
0 0.415074 0.744444 0.006618 0.027451
0 0.542647 0.648366 0.004412 0.018301
0 0.558824 0.667974 0.005882 0.020915
0 0.567279 0.656863 0.005147 0.019608
0 0.550000 0.649673 0.005882 0.020915
0 0.588971 0.611111 0.004412 0.016993
0 0.452941 0.596732 0.004412 0.016993
0 0.454779 0.572549 0.003676 0.015686
0 0.533088 0.567320 0.004412 0.015686
0 0.581250 0.566013 0.003676 0.015686
0 0.584191 0.564706 0.003676 0.015686
0 0.455882 0.515033 0.002941 0.013072
