0 0.237240 0.708333 0.023438 0.118519
0 0.729948 0.753704 0.027604 0.137037
0 0.915104 0.695833 0.021875 0.130556
0 0.579427 0.676852 0.022396 0.112963
0 0.569271 0.668056 0.018750 0.100926
0 0.551823 0.663426 0.018229 0.113889
0 0.546875 0.656944 0.018750 0.102778
0 0.527083 0.718981 0.031250 0.113889
0 0.566146 0.831944 0.042708 0.149074
0 0.572135 0.948148 0.064062 0.103704
0 0.491406 0.568981 0.009896 0.036111
0 0.479167 0.559259 0.008333 0.031481
0 0.461198 0.547222 0.007812 0.033333
0 0.362500 0.542130 0.006250 0.023148
0 0.416146 0.525926 0.006250 0.022222
