0 0.378125 0.953704 0.014583 0.066667
0 0.588542 0.900000 0.010417 0.033333
0 0.586979 0.885185 0.013542 0.040741
0 0.455729 0.689815 0.009375 0.031481
0 0.538542 0.576852 0.006250 0.027778
0 0.538021 0.528704 0.005208 0.024074
0 0.531250 0.486111 0.006250 0.020370
0 0.421354 0.645370 0.005208 0.024074
0 0.470833 0.457407 0.004167 0.014815
0 0.496875 0.412037 0.004167 0.012963
0 0.474479 0.392593 0.003125 0.014815
0 0.469792 0.387963 0.004167 0.012963
0 0.526563 0.372222 0.003125 0.011111
0 0.529687 0.372222 0.003125 0.011111
