0 0.042448 0.912963 0.022396 0.096296
0 0.151042 0.755093 0.016667 0.071296
0 0.148438 0.706481 0.017708 0.061111
0 0.320052 0.684259 0.014063 0.048148
0 0.320833 0.669444 0.008333 0.031481
0 0.077865 0.622222 0.018229 0.062963
0 0.096875 0.623148 0.022917 0.061111
0 0.115625 0.607407 0.016667 0.062963
0 0.189062 0.618056 0.015625 0.049074
0 0.050260 0.525926 0.016146 0.051852
0 0.122396 0.563889 0.017708 0.057407
0 0.142448 0.580093 0.011979 0.060185
0 0.121615 0.527315 0.014063 0.050926
0 0.166146 0.569444 0.009375 0.053704
0 0.182812 0.557407 0.010417 0.061111
0 0.136979 0.535185 0.014583 0.055556
0 0.108854 0.470370 0.013542 0.046296
0 0.125781 0.508333 0.015104 0.046296
0 0.148698 0.475463 0.010937 0.043519
0 0.150521 0.463889 0.010417 0.038889
0 0.176823 0.468981 0.010937 0.045370
0 0.159375 0.560185 0.009375 0.053704
0 0.160938 0.543056 0.008333 0.049074
0 0.185156 0.502315 0.015104 0.043519
0 0.209375 0.535185 0.010417 0.051852
0 0.219792 0.519907 0.012500 0.049074
0 0.232552 0.535648 0.010937 0.052778
0 0.242188 0.541204 0.013542 0.050926
0 0.265365 0.532407 0.014063 0.053704
0 0.291406 0.539352 0.009896 0.049074
0 0.294271 0.545833 0.013542 0.050926
0 0.193750 0.457407 0.009375 0.040741
0 0.197917 0.460648 0.007292 0.036111
0 0.205729 0.484722 0.009375 0.043519
0 0.209375 0.450926 0.011458 0.050000
0 0.218490 0.454167 0.008854 0.043519
0 0.221875 0.459259 0.007292 0.044444
0 0.228385 0.461111 0.008854 0.044444
0 0.232031 0.446759 0.010937 0.041667
0 0.246875 0.450926 0.011458 0.044444
0 0.176823 0.390741 0.007812 0.040741
0 0.258854 0.503704 0.008333 0.042593
0 0.254427 0.380556 0.010937 0.027778
0 0.330208 0.450926 0.012500 0.037037
0 0.331771 0.432870 0.006250 0.039815
0 0.226302 0.383333 0.010937 0.025926
0 0.227344 0.377315 0.008854 0.030556
0 0.172135 0.330556 0.008854 0.025926
0 0.040365 0.302315 0.006771 0.036111
0 0.044531 0.299537 0.005729 0.032407
0 0.054948 0.304630 0.006771 0.035185
0 0.062240 0.300926 0.005729 0.031481
0 0.070052 0.294907 0.006771 0.030556
0 0.075781 0.289815 0.006771 0.033333
0 0.071875 0.285185 0.005208 0.029630
0 0.056510 0.288889 0.005729 0.029630
0 0.015625 0.289352 0.007292 0.021296
0 0.027083 0.287500 0.008333 0.023148
0 0.032292 0.273611 0.008333 0.023148
0 0.039844 0.276852 0.005729 0.027778
0 0.039583 0.272222 0.005208 0.027778
0 0.045833 0.266667 0.006250 0.027778
0 0.056510 0.255556 0.006771 0.029630
0 0.061979 0.253241 0.006250 0.026852
0 0.072396 0.250463 0.006250 0.028704
0 0.051302 0.251389 0.003646 0.030556
0 0.036198 0.235648 0.005729 0.025000
0 0.106250 0.217130 0.006250 0.019444
0 0.293750 0.286111 0.007292 0.024074
0 0.881771 0.850463 0.026042 0.058333
0 0.869271 0.729630 0.019792 0.064815
0 0.827083 0.666204 0.015625 0.045370
0 0.854688 0.595833 0.010417 0.058333
0 0.870052 0.536574 0.010937 0.052778
0 0.994271 0.559259 0.011458 0.053704
0 0.929948 0.458796 0.010937 0.049074
0 0.957552 0.456481 0.015104 0.046296
0 0.773177 0.476389 0.011979 0.037963
0 0.729948 0.527778 0.013021 0.044444
0 0.706771 0.518981 0.011458 0.047222
0 0.691406 0.516204 0.015104 0.050926
0 0.714323 0.507870 0.009896 0.043519
0 0.682552 0.489815 0.013021 0.037037
0 0.697917 0.482870 0.010417 0.036111
0 0.691406 0.464352 0.011979 0.037963
0 0.650781 0.467130 0.008854 0.041667
0 0.669531 0.473148 0.013021 0.038889
0 0.656771 0.456481 0.009375 0.033333
0 0.420312 0.446296 0.011458 0.046296
0 0.404427 0.407870 0.011979 0.036111
0 0.330469 0.343519 0.007812 0.027778
0 0.345573 0.346759 0.007812 0.028704
0 0.365625 0.341667 0.007292 0.031481
0 0.305208 0.316667 0.007292 0.025926
0 0.670573 0.445833 0.008854 0.028704
0 0.677604 0.436574 0.008333 0.026852
0 0.676302 0.426852 0.006771 0.027778
0 0.660156 0.433796 0.007812 0.032407
0 0.629427 0.441667 0.007812 0.035185
0 0.636198 0.433333 0.010937 0.037037
0 0.646615 0.435185 0.009896 0.040741
0 0.661458 0.420370 0.009375 0.031481
0 0.668490 0.417593 0.009896 0.033333
0 0.644792 0.409722 0.008333 0.036111
0 0.635156 0.411111 0.006771 0.033333
0 0.662240 0.397685 0.005729 0.043519
0 0.645573 0.387963 0.009896 0.038889
0 0.579167 0.402315 0.010417 0.039815
0 0.618229 0.378704 0.008333 0.037037
0 0.629687 0.371296 0.011458 0.031481
0 0.633333 0.356481 0.007292 0.025926
0 0.612500 0.358333 0.007292 0.035185
0 0.602865 0.355093 0.007812 0.039815
0 0.616667 0.349537 0.005208 0.034259
0 0.630729 0.342130 0.007292 0.037963
0 0.639323 0.339352 0.005729 0.026852
0 0.652604 0.356019 0.008333 0.037963
0 0.668490 0.368981 0.007812 0.023148
0 0.611719 0.334722 0.008854 0.025000
0 0.597917 0.334259 0.008333 0.029630
0 0.596615 0.327315 0.009896 0.030556
0 0.650000 0.338426 0.008333 0.036111
0 0.407031 0.287500 0.005729 0.028704
0 0.727083 0.431944 0.013542 0.041667
0 0.682031 0.387500 0.003646 0.030556
0 0.710938 0.314352 0.004167 0.028704
0 0.711979 0.319444 0.004167 0.027778
0 0.365104 0.223611 0.006250 0.025000
0 0.381510 0.221296 0.004687 0.024074
0 0.364063 0.214815 0.004167 0.020370
0 0.357552 0.212037 0.004687 0.020370
0 0.321615 0.224537 0.004687 0.021296
0 0.336458 0.207407 0.004167 0.022222
0 0.196615 0.181944 0.004687 0.021296
0 0.149479 0.225926 0.005208 0.024074
0 0.145313 0.215741 0.005208 0.025926
0 0.136979 0.193981 0.004167 0.023148
0 0.129688 0.187963 0.004167 0.020370
0 0.134375 0.184722 0.004167 0.017593
0 0.148958 0.146296 0.002083 0.012963
0 0.148438 0.143981 0.002083 0.013889
0 0.164323 0.136574 0.003646 0.013889
0 0.183073 0.161111 0.003646 0.018519
0 0.185677 0.162037 0.003646 0.018519
0 0.190885 0.160185 0.003646 0.018519
0 0.194271 0.165741 0.004167 0.016667
0 0.260417 0.182407 0.005208 0.020370
0 0.295833 0.207870 0.004167 0.017593
0 0.297135 0.205093 0.003646 0.015741
0 0.164844 0.107870 0.002604 0.015741
0 0.167187 0.114815 0.002083 0.014815
0 0.170313 0.113889 0.003125 0.014815
0 0.174219 0.114352 0.002604 0.013889
0 0.169792 0.106944 0.003125 0.015741
0 0.173177 0.098148 0.002604 0.012963
0 0.154688 0.107407 0.002083 0.012963
0 0.158073 0.101389 0.002604 0.012037
0 0.200000 0.135648 0.003125 0.019444
0 0.222917 0.139815 0.004167 0.014815
0 0.207813 0.132407 0.002083 0.014815
0 0.238542 0.129630 0.003125 0.011111
0 0.251823 0.140278 0.003646 0.012037
0 0.256771 0.143056 0.004167 0.013889
0 0.263542 0.149074 0.004167 0.011111
0 0.308333 0.203704 0.004167 0.022222
0 0.315625 0.212037 0.004167 0.024074
0 0.321615 0.210185 0.004687 0.020370
0 0.319271 0.199537 0.004167 0.019444
0 0.313281 0.197685 0.005729 0.017593
0 0.309635 0.193981 0.003646 0.019444
0 0.372135 0.122222 0.002604 0.011111
0 0.407552 0.130093 0.003646 0.012037
0 0.414323 0.132407 0.002604 0.012963
0 0.441667 0.190741 0.004167 0.016667
0 0.452344 0.212963 0.005729 0.024074
0 0.448958 0.206944 0.004167 0.017593
0 0.463542 0.211574 0.005208 0.019444
0 0.461979 0.191204 0.004167 0.019444
0 0.470052 0.170370 0.003646 0.018519
0 0.458073 0.152778 0.002604 0.020370
0 0.479167 0.160648 0.003125 0.017593
0 0.483073 0.151389 0.003646 0.010185
0 0.782813 0.435185 0.008333 0.053704
0 0.814583 0.396759 0.007292 0.039815
0 0.815104 0.402778 0.008333 0.033333
0 0.832552 0.410185 0.008854 0.044444
0 0.800521 0.378241 0.013542 0.030556
0 0.765885 0.335185 0.007812 0.037037
0 0.772656 0.338889 0.006771 0.029630
0 0.734375 0.314815 0.007292 0.033333
0 0.877083 0.422222 0.012500 0.042593
0 0.928385 0.417130 0.011979 0.039815
0 0.939323 0.412037 0.009896 0.040741
0 0.942969 0.425000 0.009896 0.044444
0 0.948698 0.429630 0.008854 0.042593
0 0.953125 0.435185 0.014583 0.042593
0 0.971875 0.428704 0.010417 0.048148
0 0.971615 0.440741 0.011979 0.038889
0 0.983333 0.437963 0.013542 0.048148
0 0.915365 0.390741 0.008854 0.040741
0 0.923438 0.392130 0.008333 0.045370
0 0.886979 0.356481 0.007292 0.038889
0 0.884375 0.277315 0.008333 0.028704
0 0.748958 0.318519 0.007292 0.035185
0 0.755469 0.318981 0.005729 0.032407
0 0.748958 0.314352 0.006250 0.036111
0 0.755729 0.313426 0.006250 0.034259
0 0.767708 0.309722 0.006250 0.032407
0 0.794271 0.311111 0.007292 0.033333
0 0.772656 0.303704 0.005729 0.027778
0 0.776302 0.307407 0.005729 0.025926
0 0.765104 0.300000 0.005208 0.025926
0 0.777865 0.298611 0.005729 0.026852
0 0.782292 0.292593 0.005208 0.027778
0 0.813542 0.279630 0.006250 0.025926
0 0.790885 0.294444 0.004687 0.022222
0 0.639583 0.304167 0.008333 0.032407
0 0.639583 0.298148 0.005208 0.029630
0 0.691146 0.294444 0.005208 0.024074
0 0.694010 0.300926 0.004687 0.022222
0 0.658854 0.304167 0.007292 0.028704
0 0.657292 0.296296 0.004167 0.029630
0 0.658073 0.286574 0.004687 0.026852
0 0.672656 0.287963 0.004687 0.029630
0 0.737760 0.278704 0.007812 0.024074
0 0.747396 0.281019 0.005208 0.019444
0 0.776302 0.261574 0.007812 0.019444
0 0.781250 0.268981 0.007292 0.013889
0 0.782292 0.292593 0.005208 0.027778
0 0.782552 0.261111 0.004687 0.016667
0 0.785156 0.256019 0.005729 0.015741
0 0.791927 0.254630 0.005729 0.014815
0 0.794792 0.252315 0.004167 0.013889
0 0.811198 0.244444 0.005729 0.018519
0 0.809375 0.253704 0.005208 0.014815
0 0.529948 0.195370 0.004687 0.014815
0 0.536719 0.219907 0.004687 0.025000
0 0.544531 0.191667 0.004687 0.012963
0 0.547917 0.220370 0.004167 0.022222
0 0.554688 0.216204 0.004167 0.025000
0 0.679167 0.153241 0.004167 0.013889
0 0.700781 0.142130 0.003646 0.015741
0 0.695573 0.150926 0.003646 0.011111
0 0.723958 0.139352 0.003125 0.019444
