0 0.609191 0.818301 0.013971 0.057516
0 0.643015 0.930065 0.011029 0.087582
0 0.662132 0.894771 0.013971 0.069281
0 0.653676 0.901307 0.010294 0.050980
0 0.644118 0.884314 0.016176 0.061438
0 0.644485 0.860784 0.011029 0.056209
0 0.655882 0.868627 0.010294 0.045752
0 0.650735 0.847059 0.014706 0.062745
0 0.634559 0.832680 0.008824 0.033987
0 0.643382 0.811765 0.013235 0.060131
0 0.652941 0.816993 0.008824 0.044444
0 0.662500 0.825490 0.011765 0.058824
0 0.708824 0.830719 0.011765 0.061438
0 0.733824 0.820915 0.011765 0.060131
0 0.696691 0.803922 0.011029 0.057516
0 0.679779 0.872549 0.011029 0.064052
0 0.691544 0.851634 0.009559 0.045752
0 0.706618 0.567974 0.008824 0.043137
0 0.788235 0.505882 0.008824 0.039216
0 0.842647 0.719608 0.014706 0.058824
0 0.935294 0.786928 0.016176 0.062745
0 0.950368 0.787582 0.018382 0.061438
0 0.946691 0.769935 0.015441 0.067974
0 0.593750 0.289542 0.003676 0.016993
0 0.595588 0.289542 0.002941 0.016993
0 0.794118 0.325490 0.004412 0.020915
