0 0.283088 0.273203 0.005882 0.033987
0 0.300368 0.216993 0.006618 0.026144
0 0.356985 0.134641 0.005147 0.020915
0 0.360294 0.107843 0.002941 0.016993
0 0.361765 0.100654 0.004412 0.018301
0 0.350000 0.196078 0.004412 0.018301
0 0.212500 0.602614 0.013235 0.039216
0 0.216544 0.600654 0.009559 0.035294
0 0.139338 0.661438 0.012500 0.052288
0 0.097426 0.643791 0.016912 0.058824
0 0.090809 0.718954 0.016912 0.062745
0 0.072059 0.697386 0.014706 0.069281
0 0.111029 0.966667 0.027941 0.066667
0 0.361029 0.433987 0.010294 0.028758
0 0.406250 0.290850 0.006618 0.022222
0 0.372059 0.137908 0.002941 0.014379
0 0.414706 0.109804 0.004412 0.018301
0 0.495588 0.110458 0.004412 0.014379
0 0.430882 0.063399 0.002941 0.011765
0 0.451838 0.035294 0.002206 0.010458
0 0.445588 0.020915 0.002941 0.013072
0 0.492279 0.073203 0.002206 0.010458
0 0.502941 0.072549 0.002941 0.011765
0 0.496324 0.070588 0.002941 0.013072
0 0.521324 0.162745 0.004412 0.014379
0 0.563603 0.206536 0.003676 0.015686
0 0.613235 0.967974 0.020588 0.064052
0 0.652941 0.511111 0.008824 0.033987
0 0.641544 0.428105 0.008088 0.030065
