0 0.227941 0.259477 0.007353 0.030065
0 0.218382 0.270588 0.007353 0.031373
0 0.206250 0.274510 0.008088 0.028758
0 0.199265 0.271242 0.007353 0.030065
0 0.193382 0.309150 0.013235 0.022222
0 0.218015 0.347059 0.008088 0.030065
0 0.310662 0.356863 0.005147 0.028758
0 0.315074 0.352941 0.005147 0.020915
0 0.477206 0.350980 0.005882 0.027451
0 0.453676 0.366013 0.007353 0.026144
0 0.525368 0.361438 0.006618 0.027451
0 0.499265 0.266667 0.005882 0.028758
0 0.462500 0.198693 0.008824 0.020915
0 0.583456 0.374510 0.006618 0.027451
0 0.588603 0.379085 0.003676 0.015686
0 0.616912 0.200000 0.005882 0.026144
0 0.585662 0.066667 0.005147 0.023529
