0 0.335294 0.943791 0.023529 0.086275
0 0.316912 0.951634 0.013235 0.081046
0 0.294853 0.960131 0.017647 0.079739
0 0.258824 0.966013 0.020588 0.067974
0 0.729412 0.649020 0.011765 0.064052
0 0.731618 0.624837 0.013235 0.052288
0 0.526471 0.515686 0.010294 0.027451
0 0.588603 0.509804 0.009559 0.023529
0 0.586397 0.488889 0.008088 0.036601
0 0.573162 0.492157 0.011029 0.043137
0 0.566176 0.464706 0.008824 0.048366
0 0.555147 0.500654 0.011765 0.036601
0 0.590809 0.389542 0.006618 0.031373
0 0.602574 0.391503 0.009559 0.035294
0 0.543015 0.430719 0.006618 0.024837
0 0.513235 0.437255 0.008824 0.037908
0 0.497794 0.371895 0.007353 0.027451
0 0.570221 0.301307 0.005147 0.024837
0 0.563971 0.297386 0.004412 0.024837
0 0.559926 0.289542 0.005147 0.024837
0 0.562868 0.287582 0.005147 0.028758
0 0.501103 0.288889 0.003676 0.023529
0 0.399632 0.280392 0.003676 0.014379
0 0.402941 0.277778 0.005882 0.019608
0 0.485662 0.264052 0.003676 0.020915
0 0.447794 0.222222 0.004412 0.015686
0 0.969118 0.780392 0.011765 0.057516
0 0.439338 0.200654 0.003676 0.014379
0 0.433824 0.197386 0.002941 0.010458
