0 0.962132 0.211765 0.009559 0.026144
0 0.759926 0.141176 0.009559 0.028758
0 0.815074 0.209150 0.009559 0.028758
0 0.819853 0.191503 0.008824 0.022222
0 0.715441 0.260784 0.010294 0.024837
0 0.721324 0.262745 0.008824 0.023529
0 0.650735 0.016993 0.007353 0.028758
0 0.580147 0.052941 0.007353 0.030065
0 0.582721 0.107843 0.005147 0.030065
0 0.615074 0.120915 0.005147 0.022222
0 0.651103 0.200654 0.008088 0.024837
0 0.618382 0.173856 0.008824 0.026144
0 0.634926 0.184314 0.006618 0.028758
0 0.623529 0.201961 0.007353 0.027451
0 0.590441 0.203268 0.005882 0.027451
0 0.593750 0.192810 0.006618 0.027451
0 0.603676 0.202614 0.005882 0.028758
0 0.605147 0.192810 0.007353 0.030065
0 0.575735 0.229412 0.005882 0.027451
0 0.570588 0.222876 0.007353 0.030065
0 0.490441 0.250327 0.008824 0.030065
0 0.490441 0.243137 0.010294 0.028758
0 0.343015 0.396078 0.009559 0.026144
0 0.339338 0.400654 0.009559 0.022222
0 0.343750 0.309804 0.005147 0.026144
0 0.351838 0.304575 0.008088 0.026144
0 0.420221 0.047059 0.006618 0.023529
0 0.335662 0.075817 0.008088 0.031373
0 0.329044 0.069281 0.005147 0.031373
0 0.334191 0.012418 0.005147 0.024837
0 0.345956 0.011111 0.009559 0.022222
0 0.314706 0.068627 0.007353 0.027451
0 0.317647 0.068627 0.004412 0.022222
0 0.079779 0.451634 0.015441 0.035294
0 0.078309 0.439869 0.016912 0.030065
0 0.129779 0.326797 0.011029 0.031373
0 0.136765 0.328105 0.008824 0.026144
0 0.264338 0.027451 0.008088 0.020915
0 0.250735 0.052941 0.005882 0.032680
0 0.009559 0.140523 0.013235 0.030065
0 0.006250 0.113072 0.008088 0.032680
0 0.075368 0.128105 0.011029 0.031373
0 0.073897 0.144444 0.009559 0.027451
0 0.230147 0.083007 0.005882 0.019608
0 0.236029 0.012418 0.004412 0.024837
0 0.226471 0.013072 0.005882 0.020915
0 0.249265 0.109804 0.004412 0.028758
0 0.103676 0.232026 0.008824 0.035294
