0 0.019271 0.518981 0.015625 0.056481
0 0.061458 0.515278 0.015625 0.041667
0 0.080208 0.505556 0.013542 0.055556
0 0.114062 0.498611 0.011458 0.056481
0 0.126302 0.500000 0.011979 0.053704
0 0.138021 0.492130 0.013542 0.056481
0 0.086979 0.500000 0.011458 0.057407
0 0.089323 0.495370 0.015104 0.057407
0 0.196875 0.510185 0.014583 0.050000
0 0.197917 0.496759 0.013542 0.043519
0 0.253385 0.502778 0.009896 0.046296
0 0.358073 0.484259 0.014063 0.050000
0 0.357812 0.479630 0.013542 0.050000
0 0.396354 0.500000 0.008333 0.038889
0 0.665625 0.454630 0.011458 0.051852
0 0.672135 0.456944 0.008854 0.047222
0 0.673698 0.487037 0.010937 0.051852
0 0.699219 0.475463 0.010937 0.049074
0 0.687760 0.471759 0.009896 0.049074
0 0.686198 0.483333 0.008854 0.048148
0 0.739062 0.462963 0.010417 0.050000
0 0.776302 0.475926 0.007812 0.046296
0 0.781510 0.486111 0.008854 0.050000
0 0.833594 0.607407 0.017188 0.070370
0 0.847656 0.608796 0.015104 0.065741
0 0.591927 0.680556 0.009896 0.048148
0 0.746094 0.690741 0.015104 0.029630
0 0.759115 0.688889 0.011979 0.029630
0 0.499219 0.423611 0.005729 0.026852
0 0.520312 0.367130 0.005208 0.021296
0 0.551823 0.372222 0.004687 0.025926
0 0.539323 0.391667 0.005729 0.025926
0 0.522135 0.394444 0.004687 0.024074
0 0.526042 0.394444 0.004167 0.024074
0 0.529948 0.394444 0.004687 0.025926
0 0.558073 0.376389 0.004687 0.026852
0 0.570312 0.365278 0.005208 0.025000
0 0.579167 0.369444 0.004167 0.024074
0 0.020052 0.781944 0.015104 0.056481
0 0.037240 0.676389 0.011979 0.049074
0 0.063021 0.677778 0.011458 0.051852
0 0.037500 0.727315 0.011458 0.052778
0 0.042188 0.719907 0.011458 0.056481
0 0.045833 0.709259 0.010417 0.053704
0 0.005729 0.771296 0.011458 0.059259
0 0.014583 0.749537 0.015625 0.056481
0 0.180469 0.608333 0.011979 0.025926
0 0.063802 0.609259 0.010937 0.044444
0 0.189062 0.440741 0.007292 0.024074
0 0.024219 0.364352 0.006771 0.021296
0 0.060937 0.344444 0.007292 0.022222
0 0.058073 0.462037 0.006771 0.033333
0 0.030729 0.479167 0.009375 0.036111
0 0.017448 0.426389 0.005729 0.030556
0 0.038542 0.420833 0.008333 0.017593
0 0.052083 0.452778 0.008333 0.031481
0 0.046354 0.436111 0.007292 0.022222
0 0.028125 0.401389 0.006250 0.026852
0 0.030729 0.398611 0.005208 0.028704
0 0.041927 0.384259 0.006771 0.027778
0 0.053385 0.414352 0.006771 0.030556
0 0.059896 0.411574 0.007292 0.030556
0 0.055208 0.395370 0.008333 0.027778
0 0.057552 0.386111 0.007812 0.027778
0 0.066927 0.370833 0.005729 0.025000
0 0.071354 0.374074 0.005208 0.016667
0 0.047917 0.371296 0.009375 0.024074
0 0.053646 0.369444 0.007292 0.022222
0 0.008854 0.350463 0.006250 0.025000
0 0.587500 0.441204 0.009375 0.039815
0 0.544271 0.473611 0.006250 0.028704
0 0.496615 0.345370 0.004687 0.022222
0 0.505208 0.361111 0.005208 0.014815
0 0.475000 0.380093 0.005208 0.015741
0 0.490625 0.318519 0.004167 0.020370
0 0.519010 0.321759 0.003646 0.019444
0 0.543490 0.339815 0.003646 0.020370
0 0.548958 0.340278 0.006250 0.015741
0 0.464844 0.344444 0.004687 0.014815
0 0.454948 0.334722 0.004687 0.023148
0 0.443750 0.323148 0.005208 0.020370
0 0.457031 0.320370 0.003646 0.016667
0 0.460677 0.321759 0.003646 0.017593
0 0.395833 0.253241 0.004167 0.015741
0 0.443229 0.304167 0.004167 0.017593
0 0.482031 0.300926 0.003646 0.018519
0 0.474479 0.300000 0.003125 0.018519
0 0.477083 0.299537 0.003125 0.017593
0 0.447656 0.292593 0.003646 0.018519
0 0.465885 0.299537 0.003646 0.010185
0 0.459635 0.293519 0.003646 0.009259
0 0.428125 0.265741 0.003125 0.014815
0 0.441406 0.266667 0.002604 0.016667
0 0.439063 0.268056 0.003125 0.015741
0 0.458333 0.259259 0.003125 0.014815
0 0.449219 0.265278 0.002604 0.012037
