0 0.718229 0.885648 0.019792 0.069444
0 0.725521 0.943056 0.019792 0.082407
0 0.735938 0.946296 0.011458 0.059259
0 0.860677 0.970833 0.017188 0.056481
0 0.839844 0.835648 0.020313 0.063889
0 0.817187 0.845833 0.017708 0.065741
0 0.808073 0.900463 0.025521 0.075000
0 0.789583 0.832407 0.014583 0.072222
0 0.770312 0.837037 0.015625 0.064815
0 0.797656 0.874537 0.019271 0.060185
0 0.767708 0.844444 0.016667 0.061111
0 0.195833 0.526852 0.008333 0.044444
0 0.183854 0.546296 0.007292 0.046296
0 0.187500 0.543519 0.007292 0.042593
0 0.701823 0.751852 0.007812 0.038889
0 0.716406 0.740278 0.015104 0.058333
0 0.767708 0.693056 0.015625 0.056481
0 0.704688 0.707870 0.008333 0.056481
0 0.718490 0.687963 0.010937 0.055556
0 0.726302 0.732407 0.011979 0.057407
0 0.722135 0.711111 0.011979 0.044444
0 0.726042 0.669444 0.009375 0.051852
0 0.710417 0.612500 0.015625 0.050926
0 0.699479 0.556019 0.011458 0.045370
0 0.843229 0.654630 0.012500 0.055556
0 0.859896 0.668519 0.013542 0.055556
0 0.865365 0.660648 0.013021 0.050926
0 0.882031 0.647685 0.018229 0.054630
0 0.872656 0.566204 0.006771 0.037963
0 0.882292 0.567593 0.009375 0.040741
0 0.879427 0.524074 0.010937 0.044444
0 0.883594 0.533796 0.009896 0.041667
0 0.790365 0.565278 0.010937 0.043519
0 0.776302 0.627315 0.008854 0.054630
0 0.791927 0.616204 0.013021 0.032407
0 0.765885 0.552778 0.008854 0.027778
0 0.794271 0.455556 0.008333 0.025926
0 0.770833 0.447222 0.007292 0.038889
0 0.766927 0.450926 0.006771 0.035185
0 0.761458 0.453704 0.007292 0.035185
0 0.711198 0.426389 0.011979 0.045370
0 0.728646 0.484259 0.009375 0.050000
0 0.720573 0.487500 0.009896 0.045370
0 0.717969 0.469444 0.011979 0.040741
0 0.749740 0.493519 0.007812 0.037037
0 0.698438 0.506019 0.008333 0.043519
0 0.689583 0.508333 0.009375 0.038889
0 0.697656 0.482870 0.011979 0.036111
0 0.649740 0.338426 0.006771 0.039815
0 0.656510 0.337963 0.008854 0.044444
0 0.686979 0.326389 0.005208 0.026852
0 0.698698 0.325926 0.005729 0.027778
0 0.631771 0.326389 0.005208 0.026852
0 0.612240 0.305093 0.005729 0.025000
0 0.634635 0.257870 0.004687 0.019444
0 0.640885 0.262500 0.004687 0.019444
0 0.541406 0.357407 0.009896 0.029630
0 0.555990 0.359259 0.008854 0.031481
0 0.556771 0.352315 0.010417 0.034259
0 0.613281 0.288426 0.003646 0.019444
0 0.616927 0.289815 0.004687 0.022222
0 0.674479 0.292130 0.005208 0.021296
0 0.661458 0.295370 0.005208 0.024074
0 0.661719 0.287963 0.004687 0.022222
0 0.637240 0.292130 0.004687 0.021296
0 0.622917 0.290278 0.004167 0.021296
0 0.626823 0.291204 0.004687 0.019444
0 0.632031 0.292593 0.004687 0.024074
0 0.639323 0.309259 0.004687 0.022222
0 0.644271 0.305556 0.005208 0.022222
0 0.480990 0.356481 0.007812 0.025926
0 0.497656 0.353241 0.007812 0.034259
0 0.046354 0.746296 0.014583 0.038889
0 0.007552 0.796759 0.015104 0.047222
0 0.036458 0.669444 0.016667 0.055556
0 0.019010 0.701852 0.013021 0.046296
0 0.011198 0.695370 0.014063 0.057407
0 0.161719 0.326389 0.009896 0.036111
0 0.172396 0.326852 0.008333 0.037037
0 0.105469 0.416667 0.008854 0.044444
0 0.093490 0.420370 0.009896 0.048148
0 0.076042 0.448148 0.009375 0.042593
0 0.083333 0.460185 0.010417 0.048148
0 0.059115 0.481944 0.013021 0.045370
0 0.125781 0.401389 0.007812 0.049074
0 0.132552 0.400463 0.009896 0.049074
0 0.132552 0.356481 0.009896 0.038889
0 0.113802 0.446296 0.008854 0.044444
0 0.120833 0.448611 0.010417 0.047222
0 0.112240 0.472222 0.009896 0.048148
0 0.100260 0.498148 0.014063 0.048148
0 0.076302 0.567130 0.010937 0.041667
0 0.083854 0.574537 0.009375 0.037963
0 0.080990 0.549074 0.008854 0.042593
0 0.088802 0.554167 0.009896 0.041667
0 0.095052 0.528241 0.010937 0.045370
0 0.092708 0.516204 0.009375 0.037963
0 0.095312 0.547685 0.008333 0.036111
0 0.405729 0.345370 0.008333 0.040741
0 0.389323 0.354167 0.007812 0.037963
0 0.387240 0.348611 0.007812 0.037963
0 0.363542 0.349537 0.007292 0.036111
0 0.365885 0.343981 0.006771 0.036111
0 0.347656 0.345833 0.009896 0.039815
0 0.346875 0.341204 0.009375 0.039815
0 0.321615 0.342130 0.010937 0.039815
0 0.265104 0.350000 0.007292 0.031481
0 0.272135 0.350463 0.006771 0.036111
0 0.260417 0.307407 0.005208 0.024074
0 0.265885 0.305556 0.005729 0.024074
0 0.271354 0.306019 0.005208 0.021296
0 0.275521 0.300000 0.005208 0.020370
0 0.289583 0.279167 0.005208 0.025000
0 0.270052 0.297685 0.005729 0.021296
0 0.276302 0.321296 0.006771 0.024074
0 0.283854 0.321296 0.005208 0.020370
0 0.284375 0.309259 0.005208 0.020370
0 0.286979 0.319907 0.006250 0.023148
0 0.290365 0.316667 0.005729 0.025926
0 0.294792 0.314352 0.004167 0.021296
0 0.297396 0.321296 0.004167 0.020370
0 0.311719 0.320370 0.004687 0.016667
0 0.347396 0.281944 0.005208 0.023148
0 0.623698 0.589815 0.009896 0.050000
0 0.625000 0.536111 0.006250 0.040741
0 0.620833 0.532407 0.010417 0.044444
0 0.632552 0.536574 0.007812 0.041667
0 0.361458 0.229167 0.003125 0.015741
0 0.363542 0.228704 0.003125 0.018519
0 0.369010 0.213426 0.003646 0.015741
0 0.393229 0.202778 0.003125 0.014815
0 0.361458 0.210648 0.003125 0.006481
