0 0.816146 0.697222 0.009375 0.053704
0 0.899219 0.685648 0.013021 0.060185
0 0.967448 0.681481 0.011979 0.044444
0 0.923177 0.681944 0.015104 0.039815
0 0.893229 0.566667 0.010417 0.042593
0 0.902083 0.569444 0.007292 0.044444
0 0.911198 0.566667 0.009896 0.042593
0 0.861458 0.537963 0.010417 0.040741
0 0.830729 0.502315 0.008333 0.037963
0 0.838802 0.506944 0.009896 0.034259
0 0.845313 0.503704 0.007292 0.038889
0 0.749479 0.411111 0.007292 0.031481
0 0.763281 0.430556 0.007812 0.031481
0 0.767969 0.430556 0.005729 0.031481
0 0.747656 0.457407 0.007812 0.033333
0 0.739583 0.463426 0.007292 0.034259
0 0.723698 0.481019 0.009896 0.037963
0 0.710156 0.468981 0.007812 0.028704
0 0.707292 0.479167 0.009375 0.026852
0 0.639844 0.473611 0.007812 0.032407
0 0.678385 0.353704 0.005729 0.025926
0 0.656510 0.344444 0.005729 0.024074
0 0.661979 0.344907 0.005208 0.023148
0 0.678906 0.386574 0.007812 0.023148
0 0.664844 0.384259 0.006771 0.029630
0 0.645573 0.396759 0.006771 0.019444
0 0.658594 0.412500 0.006771 0.019444
0 0.659115 0.400463 0.006771 0.017593
0 0.611458 0.350000 0.005208 0.020370
0 0.239583 0.555093 0.011458 0.047222
0 0.239844 0.521759 0.011979 0.039815
0 0.257552 0.456944 0.007812 0.034259
0 0.237500 0.461574 0.008333 0.030556
0 0.213281 0.555556 0.009896 0.037037
0 0.318490 0.393056 0.005729 0.028704
0 0.289583 0.347222 0.005208 0.024074
0 0.269531 0.410185 0.006771 0.027778
0 0.339323 0.366204 0.004687 0.015741
0 0.318750 0.412037 0.006250 0.016667
0 0.319010 0.426852 0.007812 0.020370
0 0.303125 0.445833 0.006250 0.028704
0 0.307812 0.325926 0.004167 0.016667
0 0.312240 0.334259 0.003646 0.016667
0 0.319792 0.333796 0.004167 0.013889
0 0.319792 0.313426 0.004167 0.019444
0 0.332813 0.316204 0.004167 0.019444
0 0.328646 0.316667 0.004167 0.020370
0 0.369271 0.274537 0.003125 0.015741
0 0.372917 0.273148 0.003125 0.014815
0 0.328906 0.294907 0.003646 0.015741
0 0.328125 0.307407 0.005208 0.018519
0 0.091146 0.806944 0.020833 0.054630
0 0.160156 0.582870 0.009896 0.043519
