0 0.179779 0.756863 0.018382 0.073203
0 0.221324 0.935294 0.023529 0.074510
0 0.220588 0.933987 0.023529 0.074510
0 0.312868 0.733987 0.016912 0.064052
0 0.513235 0.542484 0.014706 0.047059
0 0.817647 0.430065 0.008824 0.039216
0 0.763603 0.443791 0.008088 0.037908
0 0.770221 0.452288 0.008088 0.031373
0 0.777941 0.456209 0.007353 0.023529
0 0.787868 0.446405 0.008088 0.032680
0 0.770221 0.437255 0.006618 0.030065
0 0.793382 0.442484 0.007353 0.032680
0 0.805515 0.444444 0.009559 0.039216
0 0.798529 0.443137 0.007353 0.036601
0 0.789338 0.438562 0.006618 0.030065
0 0.786397 0.418301 0.006618 0.020915
0 0.772426 0.397386 0.009559 0.028758
0 0.836029 0.402614 0.008824 0.026144
0 0.081250 0.436601 0.008088 0.033987
0 0.069853 0.369935 0.007353 0.036601
0 0.236029 0.483660 0.007353 0.036601
0 0.259191 0.426797 0.006618 0.037908
0 0.253676 0.422876 0.007353 0.040523
0 0.267647 0.418954 0.007353 0.035294
0 0.275000 0.367974 0.008824 0.035294
0 0.280882 0.367320 0.005882 0.031373
0 0.290441 0.369935 0.005882 0.031373
0 0.289706 0.368627 0.005882 0.031373
0 0.316544 0.303922 0.005147 0.024837
0 0.174632 0.334641 0.005147 0.023529
0 0.178309 0.335948 0.005147 0.020915
0 0.187500 0.327451 0.004412 0.022222
0 0.182721 0.327451 0.005147 0.022222
0 0.218015 0.339869 0.005147 0.026144
0 0.217279 0.333987 0.005147 0.024837
0 0.223897 0.338562 0.005147 0.026144
0 0.227574 0.335948 0.005147 0.026144
0 0.243015 0.335948 0.005147 0.026144
0 0.281985 0.346405 0.003676 0.023529
0 0.289706 0.345752 0.005882 0.027451
0 0.294853 0.345752 0.005882 0.027451
0 0.283088 0.317647 0.005882 0.020915
0 0.289706 0.318954 0.005882 0.023529
0 0.294853 0.324183 0.004412 0.013072
0 0.281618 0.328758 0.005882 0.011765
0 0.221691 0.300654 0.005147 0.023529
0 0.214706 0.300654 0.004412 0.023529
0 0.217647 0.301961 0.004412 0.023529
0 0.381250 0.407190 0.008088 0.035294
0 0.377941 0.414379 0.007353 0.026144
0 0.543750 0.500654 0.008088 0.052288
0 0.556250 0.515033 0.006618 0.047059
0 0.570588 0.494118 0.007353 0.052288
0 0.555515 0.442484 0.009559 0.040523
0 0.523897 0.413072 0.006618 0.041830
0 0.575000 0.443137 0.005882 0.033987
0 0.570956 0.435294 0.005147 0.033987
0 0.550000 0.505882 0.007353 0.023529
0 0.525735 0.450980 0.010294 0.036601
0 0.508456 0.408497 0.006618 0.022222
0 0.507721 0.402614 0.006618 0.023529
0 0.479412 0.415686 0.007353 0.015686
0 0.477574 0.409804 0.008088 0.016993
0 0.444853 0.350980 0.007353 0.022222
0 0.479412 0.342484 0.004412 0.010458
0 0.462500 0.247059 0.004412 0.010458
