0 0.631250 0.251634 0.006618 0.011765
0 0.630147 0.266667 0.007353 0.015686
0 0.153309 0.883660 0.011029 0.013072
0 0.166912 0.891503 0.010294 0.015686
0 0.130882 0.466667 0.008824 0.013072
0 0.308824 0.190196 0.007353 0.014379
0 0.310294 0.179739 0.005882 0.011765
0 0.289338 0.562092 0.006618 0.013072
0 0.265441 0.577778 0.008824 0.015686
0 0.079779 0.667320 0.011029 0.014379
0 0.200000 0.640523 0.010294 0.013072
0 0.369853 0.949020 0.007353 0.015686
0 0.288603 0.914379 0.009559 0.011765
0 0.258088 0.716993 0.008824 0.014379
0 0.258456 0.754248 0.008088 0.010458
0 0.919853 0.813072 0.008824 0.015686
0 0.973897 0.849020 0.006618 0.014379
0 0.980515 0.849020 0.008088 0.014379
0 0.885294 0.848366 0.007353 0.013072
0 0.856618 0.752288 0.007353 0.016993
0 0.850000 0.752941 0.005882 0.015686
