0 0.760662 0.364052 0.009559 0.045752
0 0.658824 0.381699 0.011765 0.047059
0 0.530515 0.620915 0.011029 0.067974
0 0.691912 0.860131 0.026471 0.078431
0 0.287868 0.845098 0.015441 0.071895
0 0.329044 0.649673 0.021324 0.049673
0 0.257353 0.412418 0.014706 0.024837
0 0.275735 0.408497 0.008824 0.045752
0 0.279044 0.403268 0.006618 0.045752
0 0.235662 0.526797 0.015441 0.057516
0 0.026471 0.435294 0.014706 0.049673
0 0.051103 0.626144 0.019853 0.054902
0 0.041176 0.626797 0.014706 0.050980
0 0.298162 0.491503 0.015441 0.052288
0 0.288603 0.473856 0.009559 0.043137
0 0.283088 0.481046 0.007353 0.036601
0 0.276103 0.483660 0.013971 0.060131
0 0.083456 0.310458 0.015441 0.043137
0 0.099632 0.312418 0.011029 0.044444
0 0.122794 0.437908 0.013235 0.049673
0 0.059926 0.366013 0.011029 0.041830
0 0.186397 0.124837 0.006618 0.024837
0 0.203676 0.156863 0.007353 0.031373
0 0.209559 0.153595 0.005882 0.035294
0 0.002941 0.307843 0.005882 0.035294
0 0.093382 0.199346 0.007353 0.040523
0 0.105515 0.210458 0.006618 0.033987
0 0.110662 0.213072 0.005147 0.028758
0 0.134926 0.206536 0.006618 0.033987
0 0.117647 0.306536 0.010294 0.040523
0 0.161397 0.215033 0.008088 0.040523
0 0.168382 0.213725 0.008824 0.037908
0 0.004412 0.113072 0.007353 0.019608
0 0.183088 0.207843 0.004412 0.031373
0 0.112132 0.050980 0.003676 0.020915
0 0.113971 0.052941 0.004412 0.016993
0 0.118015 0.030719 0.005147 0.024837
