0 0.890441 0.952288 0.023529 0.058824
0 0.712132 0.984314 0.016912 0.031373
0 0.827206 0.643791 0.013235 0.048366
0 0.812500 0.618954 0.011765 0.035294
0 0.798529 0.612418 0.010294 0.045752
0 0.780882 0.617647 0.010294 0.040523
0 0.283824 0.528105 0.010294 0.039216
0 0.291176 0.512418 0.010294 0.039216
0 0.388603 0.387582 0.005147 0.022222
0 0.393382 0.391503 0.002941 0.014379
0 0.336397 0.411765 0.005147 0.023529
0 0.352574 0.401307 0.005147 0.023529
0 0.251471 0.333333 0.004412 0.018301
0 0.382721 0.426144 0.006618 0.020915
0 0.404412 0.377124 0.005882 0.019608
0 0.427206 0.290196 0.002941 0.007843
0 0.508456 0.318301 0.003676 0.014379
0 0.358824 0.402614 0.004412 0.018301
0 0.681985 0.349673 0.005147 0.016993
0 0.572059 0.366013 0.005882 0.013072
0 0.564706 0.324837 0.004412 0.011765
0 0.536029 0.311765 0.004412 0.011765
0 0.460294 0.204575 0.002941 0.011765
0 0.463235 0.202614 0.002941 0.010458
0 0.629779 0.371242 0.003676 0.020915
0 0.636765 0.372549 0.004412 0.020915
0 0.632721 0.374510 0.003676 0.014379
0 0.647794 0.335948 0.004412 0.020915
0 0.656618 0.338562 0.002941 0.015686
0 0.653309 0.339216 0.003676 0.014379
0 0.655147 0.335948 0.004412 0.018301
0 0.256250 0.342484 0.003676 0.018301
0 0.267279 0.338562 0.005147 0.015686
0 0.257721 0.341176 0.003676 0.018301
0 0.260294 0.340523 0.004412 0.019608
