0 0.950000 0.228758 0.013235 0.049673
0 0.689338 0.305882 0.011029 0.049673
0 0.711397 0.454248 0.022794 0.061438
0 0.593750 0.373856 0.009559 0.057516
0 0.608824 0.399346 0.014706 0.053595
0 0.549632 0.596078 0.011029 0.065359
0 0.519853 0.605882 0.016176 0.071895
0 0.507721 0.629412 0.015441 0.077124
0 0.494853 0.437908 0.011765 0.044444
0 0.461397 0.375817 0.009559 0.048366
0 0.452941 0.412418 0.008824 0.056209
0 0.458088 0.420261 0.008824 0.050980
0 0.420221 0.445752 0.008088 0.041830
0 0.437868 0.443791 0.013971 0.058824
0 0.456250 0.526144 0.012500 0.066667
0 0.445588 0.538562 0.013235 0.073203
0 0.434559 0.523529 0.014706 0.071895
0 0.431250 0.539869 0.013971 0.065359
0 0.327206 0.468627 0.014706 0.056209
0 0.362868 0.703922 0.025735 0.050980
0 0.286765 0.490196 0.010294 0.036601
0 0.266544 0.506536 0.019853 0.061438
0 0.276838 0.503922 0.013971 0.058824
0 0.263971 0.492157 0.011765 0.064052
0 0.270956 0.478431 0.012500 0.062745
0 0.242647 0.403268 0.014706 0.058824
0 0.233824 0.405229 0.013235 0.057516
0 0.119853 0.499346 0.020588 0.070588
0 0.169485 0.308497 0.012500 0.052288
0 0.183824 0.330719 0.013235 0.049673
0 0.111765 0.307843 0.011765 0.050980
0 0.047794 0.267320 0.014706 0.056209
0 0.068750 0.219608 0.016912 0.049673
0 0.094485 0.235294 0.011029 0.049673
0 0.458824 0.186275 0.014706 0.040523
0 0.516176 0.190850 0.013235 0.041830
0 0.434191 0.186928 0.011029 0.039216
0 0.344118 0.181046 0.013235 0.027451
0 0.324632 0.179085 0.009559 0.036601
0 0.304412 0.176471 0.013235 0.033987
