0 0.341667 0.625000 0.026042 0.098148
0 0.306250 0.654630 0.028125 0.111111
0 0.298438 0.621296 0.014583 0.079630
0 0.251302 0.618981 0.018229 0.089815
0 0.886979 0.671759 0.030208 0.102778
0 0.908333 0.694907 0.020833 0.106481
0 0.642188 0.636111 0.016667 0.077778
0 0.581510 0.618519 0.015104 0.074074
0 0.355469 0.568981 0.009896 0.052778
0 0.371875 0.568056 0.015625 0.039815
0 0.020573 0.783796 0.039062 0.175000
0 0.563021 0.586574 0.011458 0.067593
0 0.573958 0.587963 0.010417 0.062963
0 0.689583 0.774537 0.040625 0.136111
0 0.951562 0.946296 0.070833 0.107407
0 0.836198 0.812037 0.045312 0.183333
0 0.853906 0.889815 0.056771 0.220370
0 0.963021 0.903704 0.067708 0.175926
0 0.760938 0.843519 0.048958 0.187037
