0 0.024265 0.283660 0.011765 0.018301
0 0.239338 0.585621 0.008088 0.013072
0 0.233088 0.579739 0.007353 0.014379
0 0.237868 0.771242 0.008088 0.013072
0 0.245956 0.779085 0.008088 0.010458
0 0.315074 0.736601 0.008088 0.011765
0 0.319485 0.745098 0.006618 0.010458
0 0.554779 0.930719 0.012500 0.013072
0 0.701838 0.620915 0.005147 0.010458
0 0.695588 0.613072 0.007353 0.007843
0 0.816176 0.398693 0.008824 0.015686
0 0.816176 0.377778 0.007353 0.013072
0 0.756618 0.348366 0.008824 0.014379
0 0.645221 0.327451 0.011029 0.019608
0 0.692279 0.279085 0.006618 0.009150
0 0.781618 0.222876 0.005882 0.014379
0 0.701838 0.133333 0.011029 0.020915
0 0.825000 0.254902 0.008824 0.007843
0 0.426103 0.405882 0.006618 0.011765
