0 0.835662 0.167320 0.006618 0.028758
0 0.815074 0.169281 0.006618 0.027451
0 0.669853 0.280392 0.008824 0.035294
0 0.653309 0.269281 0.006618 0.036601
0 0.631618 0.275817 0.005882 0.028758
0 0.634191 0.283660 0.006618 0.023529
0 0.613235 0.278431 0.005882 0.023529
0 0.552206 0.334641 0.011765 0.041830
0 0.534559 0.312418 0.010294 0.020915
0 0.504044 0.337908 0.008088 0.032680
0 0.395956 0.271895 0.008088 0.033987
0 0.412868 0.373856 0.009559 0.031373
0 0.396324 0.376471 0.011765 0.041830
0 0.386397 0.384967 0.009559 0.045752
0 0.381618 0.379739 0.007353 0.037908
0 0.369485 0.281699 0.009559 0.027451
0 0.375368 0.281046 0.008088 0.026144
0 0.357353 0.394771 0.008824 0.041830
0 0.345588 0.403922 0.008824 0.044444
0 0.337132 0.403922 0.009559 0.041830
0 0.313235 0.394771 0.010294 0.039216
0 0.298529 0.381046 0.007353 0.027451
0 0.276838 0.302614 0.008088 0.037908
0 0.289338 0.295425 0.008088 0.026144
0 0.234926 0.518301 0.015441 0.043137
0 0.763235 0.860784 0.016176 0.077124
0 0.791176 0.835948 0.030882 0.050980
0 0.103676 0.313725 0.010294 0.036601
0 0.116912 0.291503 0.008824 0.039216
0 0.238235 0.396732 0.011765 0.037908
0 0.215074 0.432026 0.012500 0.043137
0 0.211765 0.412418 0.008824 0.040523
0 0.200000 0.432680 0.013235 0.044444
0 0.159926 0.423529 0.011029 0.047059
0 0.137132 0.398693 0.009559 0.023529
0 0.142279 0.415686 0.011029 0.044444
0 0.150735 0.415686 0.011765 0.049673
0 0.146691 0.369281 0.013971 0.037908
0 0.158456 0.351634 0.008088 0.020915
0 0.150000 0.359477 0.010294 0.026144
0 0.925735 0.963399 0.017647 0.073203
0 0.707721 0.281699 0.008088 0.024837
0 0.008088 0.085621 0.005882 0.019608
0 0.003309 0.118954 0.006618 0.023529
0 0.046324 0.152941 0.007353 0.018301
0 0.028309 0.133333 0.005147 0.023529
0 0.032721 0.136601 0.005147 0.027451
0 0.019485 0.121569 0.008088 0.015686
0 0.004779 0.067320 0.006618 0.019608
0 0.036765 0.039869 0.004412 0.016993
0 0.042279 0.038562 0.005147 0.016993
0 0.154412 0.260784 0.013235 0.024837
0 0.166176 0.254902 0.010294 0.020915
