0 0.673438 0.366204 0.007292 0.034259
0 0.684115 0.402315 0.010937 0.034259
0 0.799479 0.246296 0.005208 0.033333
0 0.803385 0.240278 0.003646 0.025000
0 0.805990 0.238889 0.005729 0.016667
0 0.814844 0.247685 0.006771 0.026852
0 0.815365 0.233333 0.006771 0.031481
0 0.823698 0.249074 0.005729 0.027778
0 0.828906 0.247685 0.005729 0.030556
0 0.988021 0.116667 0.003125 0.012963
0 0.011719 0.092130 0.005729 0.017593
0 0.239063 0.190741 0.005208 0.027778
0 0.273438 0.201389 0.004167 0.025000
0 0.295052 0.132407 0.005729 0.018519
0 0.327604 0.114815 0.006250 0.016667
0 0.346354 0.109259 0.004167 0.022222
0 0.536198 0.071759 0.003646 0.013889
0 0.538802 0.069907 0.004687 0.012037
0 0.552604 0.075926 0.003125 0.009259
0 0.589583 0.058796 0.003125 0.019444
0 0.595052 0.061574 0.003646 0.019444
0 0.649479 0.049537 0.003125 0.013889
