0 0.575368 0.547059 0.013971 0.035294
0 0.780882 0.605882 0.013235 0.032680
0 0.837868 0.552941 0.013971 0.049673
0 0.918750 0.458824 0.011029 0.020915
0 0.993750 0.450327 0.009559 0.024837
0 0.879044 0.288235 0.008088 0.024837
0 0.870956 0.288889 0.005147 0.023529
0 0.844485 0.284314 0.006618 0.024837
0 0.507721 0.371895 0.008088 0.032680
0 0.316176 0.325490 0.005882 0.033987
0 0.302941 0.349020 0.008824 0.036601
0 0.292647 0.341176 0.008824 0.033987
0 0.288235 0.280392 0.005882 0.027451
0 0.276471 0.258824 0.004412 0.023529
0 0.159559 0.250327 0.005882 0.027451
0 0.162500 0.251634 0.007353 0.014379
0 0.369118 0.249020 0.005882 0.024837
0 0.027574 0.184314 0.005147 0.018301
