0 0.865074 0.864052 0.021324 0.070588
0 0.190074 0.029412 0.008088 0.030065
0 0.176838 0.028758 0.008088 0.033987
0 0.154412 0.039869 0.004412 0.027451
0 0.308088 0.175163 0.008824 0.033987
0 0.417647 0.160784 0.008824 0.031373
0 0.402206 0.092810 0.005882 0.031373
0 0.394853 0.092157 0.005882 0.035294
0 0.356250 0.056209 0.006618 0.023529
0 0.679412 0.141830 0.005882 0.032680
0 0.650368 0.064706 0.005147 0.032680
0 0.846691 0.203268 0.008088 0.035294
0 0.785294 0.103268 0.005882 0.031373
0 0.778676 0.103268 0.007353 0.028758
0 0.760662 0.050327 0.006618 0.027451
0 0.759191 0.041176 0.005147 0.032680
