0 0.235294 0.937908 0.036765 0.082353
0 0.251471 0.898693 0.036765 0.082353
0 0.180515 0.871895 0.028676 0.057516
0 0.110294 0.873856 0.044118 0.087582
0 0.329779 0.516993 0.019853 0.069281
0 0.301838 0.494118 0.018382 0.070588
0 0.162500 0.364052 0.017647 0.071895
0 0.431250 0.083660 0.008088 0.041830
0 0.458088 0.052941 0.010294 0.040523
0 0.482721 0.042484 0.008088 0.040523
0 0.480515 0.035294 0.008088 0.039216
0 0.623897 0.471895 0.012500 0.047059
0 0.667279 0.481699 0.015441 0.045752
0 0.565809 0.336601 0.009559 0.064052
0 0.592647 0.346405 0.011765 0.060131
0 0.608088 0.350980 0.008824 0.077124
0 0.595221 0.320261 0.009559 0.052288
0 0.615441 0.383007 0.025000 0.070588
0 0.706985 0.458170 0.016912 0.043137
0 0.701471 0.498039 0.017647 0.041830
0 0.724265 0.500000 0.013235 0.045752
0 0.676103 0.546405 0.013971 0.070588
0 0.763235 0.650980 0.016176 0.062745
0 0.770956 0.633333 0.013971 0.069281
0 0.746691 0.506536 0.013971 0.069281
