0 0.263281 0.457407 0.007812 0.031481
0 0.273958 0.443981 0.005208 0.028704
0 0.269271 0.441667 0.005208 0.029630
0 0.277344 0.437037 0.003646 0.033333
0 0.280729 0.427778 0.004167 0.029630
0 0.284375 0.421759 0.003125 0.023148
0 0.266406 0.436574 0.003646 0.030556
0 0.207292 0.420833 0.008333 0.023148
0 0.200521 0.415741 0.004167 0.014815
0 0.554948 0.432870 0.004687 0.023148
0 0.562240 0.440278 0.003646 0.021296
0 0.569271 0.445370 0.003125 0.022222
0 0.584896 0.485185 0.004167 0.024074
0 0.589063 0.484259 0.005208 0.027778
0 0.579948 0.473148 0.003646 0.020370
0 0.580208 0.465741 0.004167 0.022222
0 0.578646 0.459722 0.004167 0.021296
0 0.577865 0.445370 0.005729 0.020370
0 0.576302 0.443519 0.004687 0.020370
0 0.489063 0.246759 0.002083 0.013889
0 0.496875 0.260185 0.002083 0.011111
0 0.524479 0.425463 0.005208 0.017593
0 0.547396 0.369444 0.006250 0.031481
0 0.421094 0.372685 0.006771 0.028704
0 0.606510 0.387963 0.010937 0.037037
0 0.609896 0.385185 0.012500 0.038889
0 0.622135 0.375000 0.005729 0.035185
0 0.623958 0.368056 0.006250 0.032407
0 0.622917 0.365278 0.005208 0.034259
0 0.624479 0.362500 0.005208 0.032407
0 0.596615 0.352315 0.003646 0.023148
0 0.639583 0.379167 0.006250 0.023148
0 0.651302 0.374074 0.005729 0.033333
0 0.657031 0.371296 0.006771 0.035185
0 0.647917 0.366204 0.007292 0.037963
0 0.632031 0.310648 0.003646 0.021296
0 0.637240 0.312037 0.003646 0.020370
0 0.625000 0.284259 0.003125 0.016667
0 0.630208 0.281944 0.003125 0.017593
0 0.662240 0.686574 0.010937 0.056481
0 0.782813 0.749537 0.008333 0.043519
0 0.796094 0.728241 0.006771 0.039815
0 0.803385 0.751852 0.008854 0.055556
0 0.808333 0.734722 0.008333 0.045370
0 0.818750 0.722685 0.010417 0.034259
0 0.383333 0.208796 0.003125 0.012037
0 0.354427 0.207407 0.002604 0.012963
0 0.356510 0.206944 0.002604 0.012037
0 0.368490 0.205556 0.002604 0.012963
0 0.327865 0.212037 0.002604 0.014815
0 0.344792 0.257870 0.003125 0.010185
0 0.368750 0.262500 0.002083 0.013889
0 0.368229 0.261574 0.002083 0.012037
0 0.370573 0.257407 0.002604 0.014815
0 0.342708 0.301852 0.004167 0.020370
0 0.335417 0.310185 0.004167 0.020370
0 0.332031 0.298611 0.003646 0.017593
0 0.330469 0.306944 0.003646 0.012037
0 0.366146 0.370833 0.006250 0.030556
0 0.359375 0.360185 0.006250 0.035185
0 0.313021 0.359259 0.007292 0.035185
0 0.300521 0.360185 0.008333 0.035185
0 0.265885 0.368519 0.006771 0.029630
0 0.232031 0.370833 0.005729 0.026852
0 0.127604 0.639815 0.009375 0.048148
0 0.083594 0.644907 0.008854 0.050926
0 0.080990 0.634259 0.007812 0.050000
0 0.065104 0.642593 0.011458 0.057407
0 0.017708 0.649074 0.010417 0.050000
0 0.012760 0.630556 0.010937 0.048148
0 0.125781 0.571296 0.007812 0.046296
0 0.073177 0.568519 0.008854 0.046296
0 0.055469 0.569444 0.010937 0.033333
0 0.055469 0.550926 0.010937 0.029630
0 0.019271 0.538889 0.010417 0.044444
0 0.030208 0.538426 0.013542 0.041667
0 0.045312 0.540278 0.007292 0.037963
0 0.061979 0.517130 0.008333 0.037963
0 0.069531 0.518519 0.009896 0.035185
0 0.139844 0.487500 0.006771 0.043519
0 0.146094 0.485185 0.008854 0.044444
0 0.162760 0.399074 0.006771 0.042593
0 0.169271 0.397685 0.009375 0.043519
0 0.132552 0.418056 0.009896 0.039815
0 0.021094 0.476852 0.007812 0.035185
0 0.105729 0.432870 0.005208 0.030556
0 0.107031 0.427778 0.005729 0.027778
0 0.115365 0.432870 0.006771 0.030556
0 0.223958 0.343519 0.004167 0.016667
0 0.227083 0.344444 0.004167 0.020370
0 0.235417 0.344907 0.005208 0.021296
0 0.240104 0.346759 0.005208 0.025000
0 0.252344 0.333333 0.006771 0.022222
0 0.286458 0.344444 0.004167 0.016667
0 0.290104 0.347222 0.004167 0.020370
0 0.323958 0.324537 0.004167 0.021296
0 0.315885 0.312037 0.003646 0.012963
0 0.310677 0.302315 0.003646 0.010185
0 0.324740 0.304167 0.003646 0.012037
0 0.322135 0.299074 0.002604 0.012963
0 0.288802 0.327778 0.004687 0.020370
0 0.277344 0.321759 0.005729 0.021296
0 0.271615 0.319907 0.005729 0.021296
0 0.261719 0.315741 0.004687 0.020370
0 0.246354 0.299074 0.004167 0.018519
0 0.233594 0.298611 0.003646 0.013889
0 0.235677 0.298611 0.003646 0.015741
0 0.233073 0.318981 0.003646 0.019444
0 0.230990 0.320833 0.004687 0.021296
0 0.226562 0.324074 0.005208 0.022222
0 0.220833 0.324074 0.004167 0.022222
0 0.303906 0.279167 0.003646 0.012037
0 0.320573 0.281481 0.003646 0.018519
0 0.318229 0.275463 0.003125 0.017593
0 0.316406 0.277315 0.003646 0.013889
