0 0.399632 0.592810 0.018382 0.058824
0 0.125000 0.323529 0.011765 0.040523
0 0.119118 0.325490 0.010294 0.041830
0 0.091544 0.325490 0.012500 0.028758
0 0.955147 0.525490 0.020588 0.057516
0 0.565441 0.283007 0.011765 0.045752
0 0.573162 0.379085 0.009559 0.044444
0 0.561765 0.374510 0.011765 0.045752
0 0.453676 0.445098 0.013235 0.043137
0 0.401838 0.354902 0.013971 0.043137
0 0.373897 0.367974 0.012500 0.048366
0 0.392647 0.266667 0.007353 0.036601
0 0.406985 0.277124 0.008088 0.036601
0 0.401838 0.275817 0.008088 0.036601
0 0.541176 0.211111 0.008824 0.022222
