0 0.612132 0.686928 0.015441 0.050980
0 0.634191 0.790850 0.015441 0.047059
0 0.707721 0.494771 0.009559 0.037908
0 0.710662 0.367320 0.005147 0.039216
0 0.768750 0.393464 0.008088 0.036601
0 0.234559 0.244444 0.005882 0.028758
0 0.246691 0.244444 0.006618 0.028758
0 0.356985 0.190196 0.003676 0.022222
0 0.351471 0.190850 0.004412 0.023529
0 0.344118 0.186928 0.004412 0.018301
0 0.466912 0.029412 0.002941 0.009150
0 0.458088 0.047059 0.002941 0.010458
0 0.438603 0.027451 0.002206 0.013072
0 0.428309 0.030719 0.003676 0.014379
0 0.422426 0.047059 0.003676 0.013072
0 0.528676 0.033333 0.002941 0.009150
0 0.442279 0.133333 0.003676 0.015686
0 0.520956 0.352941 0.009559 0.026144
0 0.521324 0.346405 0.008824 0.031373
0 0.408088 0.323529 0.011765 0.032680
0 0.399265 0.376471 0.007353 0.039216
0 0.502206 0.356863 0.008824 0.026144
0 0.124632 0.364706 0.011029 0.039216
