0 0.563235 0.747059 0.016176 0.045752
0 0.287868 0.453595 0.013971 0.052288
0 0.316176 0.443791 0.013235 0.050980
0 0.692279 0.432680 0.006618 0.041830
0 0.690074 0.416993 0.009559 0.039216
0 0.629779 0.392157 0.011029 0.049673
0 0.620588 0.390850 0.010294 0.044444
0 0.596324 0.340523 0.008824 0.043137
0 0.664706 0.320915 0.008824 0.037908
0 0.656618 0.321569 0.007353 0.039216
0 0.397059 0.167320 0.005882 0.031373
0 0.530515 0.107190 0.008088 0.028758
0 0.581985 0.077778 0.006618 0.024837
0 0.556618 0.006536 0.002941 0.013072
0 0.549632 0.008497 0.003676 0.016993
0 0.468382 0.006536 0.004412 0.013072
0 0.486029 0.007190 0.004412 0.014379
