0 0.398529 0.425490 0.011765 0.056209
0 0.402206 0.416993 0.013235 0.057516
0 0.339338 0.490850 0.011029 0.058824
0 0.342279 0.466013 0.012500 0.074510
0 0.304044 0.430719 0.012500 0.069281
0 0.305882 0.420915 0.011765 0.073203
0 0.301471 0.392810 0.014706 0.061438
0 0.043750 0.545098 0.031618 0.088889
0 0.417279 0.333987 0.016912 0.058824
0 0.688971 0.343137 0.011765 0.066667
0 0.448162 0.091503 0.009559 0.026144
0 0.584559 0.015033 0.005882 0.024837
0 0.693750 0.192157 0.008088 0.041830
0 0.709559 0.190196 0.005882 0.035294
0 0.715074 0.178431 0.006618 0.040523
0 0.723897 0.201961 0.008088 0.050980
0 0.734559 0.198039 0.010294 0.053595
0 0.705515 0.258824 0.013971 0.057516
0 0.825000 0.562092 0.019118 0.075817
0 0.838971 0.602614 0.020588 0.083660
0 0.834926 0.583660 0.027206 0.069281
0 0.980515 0.602614 0.019853 0.049673
0 0.765074 0.101961 0.008088 0.049673
0 0.990441 0.426797 0.019118 0.079739
