0 0.186458 0.368981 0.004167 0.015741
0 0.215625 0.382870 0.004167 0.013889
0 0.125260 0.589815 0.005729 0.022222
0 0.118229 0.535185 0.004167 0.020370
0 0.122135 0.533796 0.003646 0.019444
0 0.128646 0.531019 0.004167 0.021296
0 0.135156 0.530556 0.003646 0.020370
0 0.114583 0.517593 0.004167 0.020370
0 0.132031 0.510185 0.004687 0.018519
0 0.136198 0.498148 0.002604 0.014815
0 0.145313 0.487500 0.004167 0.013889
0 0.141146 0.501389 0.003125 0.017593
0 0.140885 0.536574 0.003646 0.017593
0 0.138281 0.537500 0.003646 0.019444
0 0.125000 0.567130 0.003125 0.021296
0 0.122396 0.559722 0.003125 0.019444
0 0.124479 0.561111 0.003125 0.020370
0 0.194531 0.495833 0.004687 0.017593
0 0.159375 0.501852 0.003125 0.018519
0 0.151042 0.517593 0.004167 0.016667
0 0.176823 0.531019 0.003646 0.019444
0 0.166146 0.522685 0.004167 0.015741
0 0.170052 0.540741 0.003646 0.020370
0 0.153646 0.553704 0.004167 0.020370
0 0.151823 0.542593 0.004687 0.018519
0 0.164844 0.540741 0.004687 0.020370
0 0.157292 0.524537 0.004167 0.019444
0 0.162240 0.524074 0.002604 0.018519
0 0.158854 0.551852 0.003125 0.022222
0 0.161198 0.550000 0.002604 0.022222
0 0.178125 0.494907 0.003125 0.015741
0 0.213542 0.491667 0.004167 0.018519
0 0.240625 0.492130 0.003125 0.017593
0 0.236198 0.499074 0.002604 0.016667
0 0.223958 0.512500 0.004167 0.017593
0 0.218229 0.516204 0.003125 0.019444
0 0.221094 0.517130 0.002604 0.013889
0 0.183854 0.655093 0.004167 0.026852
0 0.168490 0.641667 0.005729 0.024074
0 0.127604 0.612037 0.004167 0.024074
0 0.103906 0.639815 0.004687 0.024074
0 0.108594 0.651852 0.006771 0.016667
0 0.135156 0.650463 0.003646 0.026852
0 0.146615 0.625000 0.005729 0.025926
0 0.153906 0.623611 0.004687 0.026852
0 0.149479 0.653704 0.006250 0.024074
0 0.157812 0.650926 0.005208 0.022222
0 0.161198 0.637500 0.005729 0.034259
0 0.170052 0.626389 0.006771 0.017593
0 0.083073 0.666204 0.004687 0.025000
0 0.078125 0.662963 0.005208 0.025926
0 0.050000 0.668056 0.008333 0.026852
0 0.171354 0.702778 0.007292 0.027778
0 0.185677 0.721759 0.005729 0.028704
0 0.193229 0.609722 0.006250 0.021296
0 0.081771 0.715278 0.007292 0.030556
0 0.035937 0.723611 0.007292 0.034259
0 0.017708 0.775463 0.011458 0.037963
0 0.004687 0.762037 0.009375 0.038889
0 0.093490 0.759722 0.007812 0.036111
0 0.099740 0.753704 0.008854 0.035185
0 0.109896 0.759259 0.008333 0.035185
0 0.133333 0.780556 0.008333 0.042593
0 0.138281 0.779167 0.008854 0.039815
0 0.233333 0.786111 0.011458 0.038889
0 0.235937 0.780556 0.009375 0.038889
0 0.280208 0.770833 0.010417 0.039815
0 0.078906 0.864815 0.006771 0.031481
0 0.075781 0.883796 0.008854 0.028704
0 0.051042 0.926389 0.008333 0.037963
0 0.068490 0.932870 0.008854 0.036111
0 0.075000 0.915278 0.009375 0.041667
0 0.044271 0.939815 0.008333 0.046296
0 0.036458 0.960648 0.009375 0.039815
0 0.021615 0.980556 0.008854 0.038889
0 0.011198 0.982870 0.007812 0.034259
0 0.301823 0.785185 0.008854 0.037037
0 0.321354 0.801852 0.008333 0.038889
0 0.332292 0.821296 0.005208 0.018519
0 0.330469 0.814352 0.006771 0.026852
0 0.327083 0.798611 0.007292 0.041667
0 0.347135 0.785185 0.009896 0.040741
0 0.359115 0.787963 0.008854 0.038889
0 0.349219 0.772222 0.007812 0.033333
0 0.389583 0.777778 0.008333 0.044444
0 0.420312 0.806019 0.009375 0.039815
0 0.476302 0.935185 0.008854 0.040741
0 0.545833 0.970833 0.008333 0.041667
0 0.553125 0.964815 0.007292 0.040741
0 0.500521 0.810648 0.008333 0.045370
0 0.536979 0.776389 0.007292 0.037963
0 0.497917 0.780556 0.007292 0.027778
0 0.507031 0.771759 0.007812 0.037963
0 0.505469 0.714352 0.005729 0.030556
0 0.288021 0.645370 0.006250 0.020370
0 0.323437 0.603241 0.004167 0.021296
0 0.298177 0.589815 0.004687 0.016667
0 0.308333 0.582407 0.004167 0.020370
0 0.347135 0.562500 0.004687 0.017593
0 0.355990 0.543519 0.004687 0.014815
0 0.373958 0.532407 0.005208 0.016667
0 0.386458 0.475926 0.013542 0.018519
0 0.398438 0.478704 0.003125 0.014815
0 0.439323 0.406944 0.002604 0.012037
0 0.431510 0.412037 0.002604 0.012963
0 0.432812 0.404630 0.003125 0.014815
0 0.411719 0.373611 0.002604 0.013889
0 0.391667 0.368056 0.003125 0.015741
0 0.395052 0.369444 0.003646 0.016667
0 0.383594 0.379167 0.003646 0.015741
0 0.606250 0.785648 0.009375 0.043519
0 0.581510 0.768519 0.006771 0.031481
0 0.608333 0.742593 0.007292 0.027778
0 0.602083 0.717130 0.004167 0.028704
0 0.596354 0.713889 0.004167 0.024074
0 0.590104 0.711111 0.004167 0.031481
0 0.561719 0.697685 0.004687 0.025000
0 0.570833 0.698611 0.005208 0.017593
0 0.570312 0.673611 0.004167 0.021296
0 0.580208 0.668981 0.004167 0.028704
0 0.585417 0.671759 0.004167 0.028704
0 0.596354 0.633333 0.005208 0.024074
0 0.546875 0.589352 0.007292 0.013889
0 0.557031 0.578241 0.002604 0.023148
0 0.551823 0.577315 0.003646 0.025000
0 0.578385 0.607870 0.004687 0.021296
0 0.602604 0.638426 0.004167 0.025000
0 0.606250 0.603241 0.005208 0.026852
0 0.627604 0.618981 0.004167 0.023148
0 0.624479 0.614815 0.004167 0.022222
0 0.573958 0.580093 0.005208 0.015741
0 0.580469 0.582870 0.004687 0.013889
0 0.592708 0.574537 0.003125 0.023148
0 0.596354 0.575463 0.004167 0.023148
0 0.600000 0.576852 0.004167 0.022222
0 0.606510 0.512037 0.004687 0.020370
0 0.610156 0.511574 0.003646 0.023148
0 0.557031 0.537037 0.003646 0.022222
0 0.552344 0.537963 0.003646 0.022222
0 0.549479 0.539815 0.003125 0.022222
0 0.549740 0.521296 0.004687 0.016667
0 0.594531 0.516667 0.003646 0.022222
0 0.599479 0.515278 0.004167 0.019444
0 0.596875 0.510648 0.003125 0.019444
0 0.592969 0.514352 0.003646 0.023148
0 0.630208 0.511574 0.004167 0.023148
0 0.556771 0.510648 0.003125 0.021296
0 0.560677 0.512500 0.002604 0.017593
0 0.558073 0.491667 0.003646 0.014815
0 0.564583 0.508333 0.002083 0.016667
0 0.562240 0.508333 0.003646 0.018519
0 0.570312 0.382870 0.003125 0.015741
0 0.567448 0.457870 0.003646 0.017593
0 0.554167 0.457407 0.003125 0.016667
0 0.548698 0.473148 0.003646 0.016667
0 0.571875 0.503241 0.004167 0.015741
0 0.570312 0.491204 0.004167 0.013889
0 0.573698 0.485648 0.003646 0.017593
0 0.577865 0.495833 0.003646 0.012037
0 0.579948 0.506481 0.004687 0.014815
0 0.579427 0.514815 0.003646 0.016667
0 0.592187 0.477315 0.004167 0.019444
0 0.598177 0.478704 0.004687 0.022222
0 0.596615 0.419907 0.003646 0.015741
0 0.598958 0.418981 0.003125 0.015741
0 0.609896 0.406944 0.002083 0.013889
0 0.606771 0.420833 0.003125 0.013889
0 0.599740 0.459722 0.004687 0.017593
0 0.609635 0.418981 0.002604 0.013889
0 0.612240 0.408796 0.002604 0.013889
