0 0.167279 0.608497 0.015441 0.024837
0 0.351471 0.572549 0.016176 0.020915
0 0.246691 0.186928 0.018382 0.020915
0 0.589338 0.218301 0.011029 0.015686
0 0.593382 0.235294 0.007353 0.010458
0 0.503309 0.424837 0.012500 0.020915
0 0.837868 0.675817 0.016912 0.047059
0 0.958456 0.619608 0.025735 0.028758
0 0.813603 0.713725 0.013971 0.028758
0 0.829044 0.720915 0.011029 0.022222
0 0.911029 0.452288 0.016176 0.028758
0 0.094853 0.447712 0.025000 0.022222
0 0.904044 0.098039 0.015441 0.031373
0 0.755147 0.640523 0.027941 0.031373
