0 0.418382 0.941176 0.007353 0.015686
0 0.543382 0.830065 0.004412 0.010458
0 0.591544 0.760784 0.003676 0.010458
0 0.580882 0.743791 0.004412 0.007843
0 0.580515 0.658824 0.005147 0.010458
0 0.575368 0.650980 0.003676 0.010458
0 0.509191 0.645098 0.005147 0.011765
0 0.368382 0.508497 0.004412 0.010458
0 0.359191 0.503268 0.005147 0.010458
0 0.358824 0.492157 0.004412 0.006536
0 0.365809 0.394771 0.005147 0.007843
0 0.369485 0.371895 0.006618 0.019608
0 0.371691 0.264052 0.005147 0.013072
0 0.414706 0.116340 0.004412 0.013072
0 0.366176 0.133987 0.004412 0.011765
0 0.373162 0.093464 0.005147 0.014379
0 0.449265 0.074510 0.004412 0.015686
0 0.382721 0.075163 0.005147 0.022222
0 0.576838 0.336601 0.005147 0.016993
0 0.571691 0.205229 0.005147 0.013072
0 0.532721 0.220915 0.003676 0.015686
0 0.536397 0.219608 0.003676 0.013072
0 0.538971 0.116340 0.005882 0.010458
0 0.571324 0.045098 0.004412 0.016993
0 0.575368 0.023529 0.006618 0.015686
0 0.265074 0.027451 0.012500 0.018301
