0 0.988235 0.262745 0.005882 0.026144
0 0.861765 0.264706 0.005882 0.024837
0 0.856250 0.260784 0.008088 0.024837
0 0.704044 0.192157 0.003676 0.018301
0 0.701838 0.190850 0.003676 0.018301
0 0.665074 0.203268 0.003676 0.022222
0 0.660294 0.198693 0.004412 0.020915
0 0.648529 0.216993 0.005882 0.023529
0 0.639338 0.220261 0.003676 0.016993
0 0.636029 0.218301 0.005882 0.023529
0 0.354412 0.510458 0.010294 0.043137
0 0.377206 0.526797 0.011765 0.047059
0 0.397059 0.568627 0.010294 0.049673
0 0.278309 0.501307 0.009559 0.043137
0 0.236397 0.516340 0.011029 0.026144
0 0.445956 0.913725 0.012500 0.073203
0 0.463603 0.936601 0.015441 0.074510
0 0.494853 0.947059 0.013235 0.071895
0 0.508088 0.957516 0.013235 0.050980
0 0.599632 0.916340 0.016912 0.062745
0 0.609559 0.912418 0.010294 0.036601
0 0.357353 0.375817 0.005882 0.032680
0 0.349632 0.362092 0.008088 0.026144
0 0.376471 0.383007 0.007353 0.033987
0 0.401838 0.384967 0.008088 0.035294
0 0.413971 0.377778 0.007353 0.033987
0 0.412132 0.244444 0.005147 0.026144
0 0.394485 0.258824 0.005147 0.026144
0 0.440074 0.215033 0.005147 0.024837
0 0.447059 0.211765 0.004412 0.020915
0 0.454412 0.211765 0.004412 0.020915
0 0.487500 0.253595 0.004412 0.023529
0 0.510662 0.261438 0.006618 0.026144
0 0.519485 0.252941 0.003676 0.024837
0 0.520956 0.420261 0.008088 0.032680
0 0.478309 0.252941 0.005147 0.024837
0 0.627574 0.249673 0.003676 0.018301
0 0.625368 0.201307 0.005147 0.018301
0 0.573529 0.222222 0.004412 0.015686
0 0.945588 0.188235 0.004412 0.020915
0 0.935662 0.179739 0.003676 0.019608
0 0.937868 0.162092 0.005147 0.018301
0 0.867647 0.181046 0.004412 0.014379
0 0.877941 0.183007 0.004412 0.010458
0 0.856985 0.151634 0.003676 0.010458
0 0.772794 0.138562 0.002941 0.010458
0 0.658824 0.113725 0.002941 0.015686
0 0.647426 0.110458 0.003676 0.014379
0 0.990074 0.311765 0.005147 0.024837
0 0.992647 0.307843 0.004412 0.024837
0 0.997426 0.314379 0.005147 0.030065
