0 0.294853 0.256863 0.010294 0.040523
0 0.413971 0.371242 0.007353 0.047059
0 0.424265 0.508497 0.013235 0.057516
0 0.419118 0.483007 0.010294 0.053595
0 0.468382 0.537255 0.010294 0.047059
0 0.447794 0.532680 0.010294 0.048366
0 0.022794 0.497386 0.014706 0.058824
0 0.072059 0.551634 0.014706 0.054902
0 0.384926 0.371242 0.009559 0.054902
0 0.391176 0.379739 0.008824 0.056209
0 0.404779 0.384314 0.015441 0.047059
0 0.419485 0.381699 0.006618 0.049673
0 0.387500 0.510458 0.013235 0.043137
0 0.410294 0.517647 0.016176 0.039216
0 0.493750 0.526144 0.011029 0.040523
0 0.487868 0.511765 0.009559 0.037908
0 0.495221 0.508497 0.009559 0.026144
0 0.507353 0.515033 0.011765 0.036601
0 0.504044 0.503922 0.009559 0.032680
0 0.266176 0.394118 0.013235 0.037908
0 0.211029 0.260784 0.007353 0.040523
0 0.224265 0.264052 0.008824 0.026144
0 0.223529 0.279085 0.005882 0.022222
0 0.447059 0.500654 0.010294 0.054902
0 0.578676 0.607190 0.011765 0.035294
