0 0.665809 0.769281 0.015441 0.061438
0 0.586765 0.351634 0.008824 0.036601
0 0.570588 0.291503 0.007353 0.026144
0 0.492647 0.281046 0.005882 0.023529
0 0.568750 0.214379 0.006618 0.026144
0 0.574265 0.101961 0.002941 0.020915
0 0.580147 0.103922 0.002941 0.019608
0 0.563235 0.098693 0.002941 0.014379
0 0.490074 0.096732 0.003676 0.010458
0 0.563603 0.080392 0.003676 0.016993
0 0.578309 0.105229 0.003676 0.016993
0 0.584559 0.094771 0.002941 0.016993
0 0.576103 0.073203 0.003676 0.020915
0 0.573162 0.064052 0.003676 0.018301
0 0.562500 0.019608 0.002941 0.015686
