0 0.316544 0.958170 0.011029 0.049673
0 0.443382 0.910458 0.008824 0.043137
0 0.447794 0.840523 0.008824 0.044444
0 0.432353 0.973203 0.007353 0.040523
0 0.438235 0.981699 0.010294 0.036601
0 0.466544 0.535294 0.009559 0.035294
0 0.824632 0.794118 0.011029 0.037908
0 0.888971 0.816993 0.011765 0.041830
0 0.663603 0.941830 0.016912 0.040523
0 0.622059 0.875163 0.014706 0.040523
0 0.613235 0.756863 0.010294 0.039216
0 0.622059 0.721569 0.008824 0.039216
0 0.562132 0.595425 0.006618 0.035294
0 0.562868 0.579085 0.006618 0.033987
0 0.381250 0.407190 0.008088 0.032680
0 0.391912 0.343791 0.007353 0.031373
0 0.391544 0.328758 0.008088 0.027451
0 0.693750 0.241176 0.005147 0.022222
0 0.501471 0.116340 0.004412 0.015686
0 0.491176 0.166667 0.004412 0.024837
