0 0.443382 0.430719 0.010294 0.024837
0 0.536397 0.951634 0.013971 0.039216
0 0.418750 0.178431 0.005147 0.032680
0 0.425368 0.176471 0.006618 0.033987
0 0.462868 0.079739 0.003676 0.018301
0 0.464338 0.075163 0.003676 0.016993
0 0.472059 0.025490 0.002941 0.016993
0 0.713235 0.099346 0.004412 0.020915
0 0.944485 0.168627 0.006618 0.023529
0 0.984559 0.219608 0.007353 0.023529
0 0.845221 0.432026 0.008088 0.035294
0 0.848529 0.442484 0.008824 0.030065
0 0.875735 0.394118 0.007353 0.016993
0 0.952941 0.488235 0.010294 0.035294
0 0.959926 0.494771 0.009559 0.040523
