0 0.915441 0.611111 0.033824 0.069281
0 0.886397 0.585621 0.015441 0.054902
0 0.916912 0.549673 0.022059 0.056209
0 0.757721 0.433333 0.011029 0.050980
0 0.598897 0.278431 0.008088 0.023529
0 0.598162 0.269281 0.009559 0.026144
0 0.607353 0.228105 0.008824 0.032680
0 0.701838 0.218954 0.008088 0.037908
0 0.674632 0.160784 0.009559 0.023529
0 0.197794 0.932680 0.027941 0.079739
0 0.214338 0.701961 0.019853 0.065359
0 0.141176 0.678431 0.022059 0.049673
0 0.249632 0.473856 0.012500 0.037908
0 0.313971 0.397386 0.011765 0.041830
0 0.263971 0.324837 0.008824 0.040523
0 0.271324 0.319608 0.010294 0.048366
0 0.319853 0.252288 0.007353 0.031373
0 0.311765 0.250980 0.005882 0.039216
0 0.308088 0.259477 0.008824 0.024837
0 0.303309 0.247059 0.008088 0.036601
0 0.362500 0.160131 0.005882 0.030065
0 0.366912 0.158170 0.005882 0.028758
0 0.371324 0.159477 0.007353 0.028758
0 0.343382 0.145098 0.005882 0.026144
0 0.376838 0.132680 0.005147 0.030065
0 0.380882 0.135948 0.005882 0.023529
0 0.376838 0.114379 0.005147 0.024837
0 0.383088 0.110458 0.007353 0.030065
0 0.409191 0.045752 0.005147 0.020915
0 0.402574 0.045752 0.005147 0.020915
0 0.397426 0.041830 0.005147 0.015686
0 0.397059 0.037255 0.004412 0.019608
0 0.391544 0.039869 0.003676 0.019608
0 0.556250 0.071895 0.006618 0.023529
0 0.528676 0.007190 0.004412 0.014379
