0 0.199265 0.489542 0.016176 0.053595
0 0.343382 0.615686 0.013235 0.057516
0 0.172794 0.196078 0.007353 0.031373
0 0.178309 0.198039 0.006618 0.035294
0 0.190074 0.203268 0.008088 0.030065
0 0.393382 0.105882 0.010294 0.028758
0 0.422794 0.053595 0.005882 0.023529
0 0.387500 0.019608 0.004412 0.020915
0 0.390809 0.018301 0.003676 0.020915
0 0.456618 0.043791 0.008824 0.019608
0 0.440441 0.024183 0.004412 0.019608
0 0.502206 0.015033 0.004412 0.019608
0 0.531985 0.032026 0.005147 0.019608
0 0.558824 0.020261 0.002941 0.019608
0 0.628309 0.037908 0.003676 0.020915
0 0.633088 0.035948 0.004412 0.022222
0 0.584559 0.084314 0.004412 0.024837
0 0.612868 0.109804 0.005147 0.028758
0 0.637132 0.090196 0.005147 0.026144
0 0.643382 0.091503 0.005882 0.026144
0 0.652574 0.090850 0.006618 0.027451
0 0.659559 0.086928 0.004412 0.024837
0 0.744485 0.107190 0.005147 0.023529
0 0.529412 0.102614 0.005882 0.024837
