0 0.987868 0.581046 0.009559 0.040523
0 0.637868 0.428758 0.009559 0.026144
0 0.208456 0.578431 0.013971 0.048366
0 0.057353 0.173203 0.010294 0.040523
0 0.011397 0.106536 0.006618 0.030065
0 0.016176 0.156209 0.013235 0.024837
0 0.347059 0.103268 0.004412 0.020915
0 0.352206 0.103268 0.005882 0.020915
0 0.376838 0.023529 0.003676 0.020915
0 0.429779 0.079739 0.003676 0.015686
0 0.534926 0.067974 0.005147 0.018301
0 0.442279 0.032026 0.003676 0.016993
0 0.506250 0.032680 0.003676 0.015686
0 0.507721 0.054902 0.003676 0.015686
0 0.517647 0.041830 0.004412 0.015686
