0 0.797794 0.876471 0.016176 0.030065
0 0.734926 0.517647 0.008088 0.033987
0 0.654779 0.306536 0.005147 0.027451
0 0.573897 0.413072 0.006618 0.020915
0 0.595956 0.360784 0.006618 0.028758
0 0.602206 0.363399 0.004412 0.018301
0 0.537500 0.026144 0.004412 0.020915
0 0.480882 0.027451 0.004412 0.013072
0 0.482353 0.077778 0.005882 0.016993
0 0.136765 0.984314 0.010294 0.026144
0 0.145588 0.968627 0.013235 0.036601
0 0.251838 0.771242 0.011029 0.036601
0 0.274632 0.723529 0.011029 0.032680
0 0.262500 0.730719 0.010294 0.033987
0 0.261029 0.709150 0.010294 0.037908
0 0.345956 0.226144 0.006618 0.018301
0 0.304044 0.238562 0.005147 0.027451
0 0.317647 0.320915 0.005882 0.024837
0 0.287500 0.124183 0.004412 0.023529
0 0.272426 0.134641 0.005147 0.020915
0 0.266912 0.130719 0.004412 0.023529
0 0.269118 0.123529 0.004412 0.024837
0 0.256250 0.220915 0.005147 0.026144
0 0.252206 0.223529 0.004412 0.018301
0 0.133088 0.517647 0.010294 0.031373
0 0.148162 0.538562 0.009559 0.033987
0 0.119485 0.560131 0.011029 0.030065
0 0.129412 0.577778 0.010294 0.031373
0 0.045956 0.592157 0.008088 0.020915
0 0.044485 0.580392 0.011029 0.031373
0 0.036029 0.635294 0.010294 0.023529
0 0.048162 0.675163 0.012500 0.035294
0 0.013603 0.715033 0.013971 0.036601
0 0.093382 0.782353 0.010294 0.030065
0 0.056618 0.836601 0.014706 0.028758
0 0.059926 0.844444 0.009559 0.015686
0 0.028309 0.820915 0.016912 0.031373
0 0.006618 0.799346 0.013235 0.035294
