0 0.664583 0.860648 0.017708 0.062037
0 0.696094 0.838889 0.013021 0.061111
0 0.679167 0.976389 0.014583 0.034259
0 0.768229 0.833333 0.012500 0.059259
0 0.784375 0.800926 0.014583 0.040741
0 0.808073 0.801389 0.009896 0.054630
0 0.797396 0.800926 0.012500 0.053704
0 0.803125 0.873148 0.014583 0.050000
0 0.769531 0.789352 0.011979 0.036111
0 0.564844 0.505093 0.005729 0.026852
0 0.568490 0.583333 0.007812 0.029630
0 0.180729 0.568056 0.008333 0.036111
0 0.028125 0.623148 0.011458 0.046296
0 0.009115 0.690741 0.015104 0.040741
0 0.018229 0.657870 0.013542 0.039815
0 0.065885 0.581481 0.007812 0.038889
0 0.074219 0.581019 0.008854 0.041667
0 0.041927 0.549074 0.007812 0.035185
0 0.035417 0.549074 0.007292 0.033333
0 0.085156 0.500000 0.006771 0.031481
0 0.092708 0.498611 0.010417 0.036111
0 0.104688 0.545370 0.008333 0.031481
0 0.084635 0.545833 0.008854 0.037963
0 0.091406 0.546296 0.008854 0.035185
0 0.091146 0.526852 0.007292 0.031481
0 0.144792 0.543519 0.008333 0.027778
0 0.148698 0.443056 0.004687 0.026852
0 0.154948 0.442593 0.006771 0.027778
0 0.163802 0.448611 0.005729 0.028704
0 0.166927 0.448148 0.004687 0.025926
0 0.171094 0.449074 0.005729 0.025926
0 0.185156 0.497685 0.006771 0.032407
0 0.216146 0.489815 0.006250 0.033333
0 0.156250 0.499074 0.009375 0.029630
0 0.167448 0.474537 0.007812 0.019444
0 0.171094 0.493981 0.006771 0.025000
0 0.207292 0.416667 0.005208 0.024074
0 0.243490 0.362037 0.006771 0.024074
0 0.284896 0.439352 0.005208 0.026852
0 0.234115 0.482407 0.004687 0.031481
0 0.242708 0.456019 0.006250 0.026852
0 0.242969 0.443981 0.005729 0.019444
0 0.245312 0.419907 0.005208 0.028704
0 0.248958 0.425000 0.005208 0.027778
0 0.225000 0.490741 0.006250 0.031481
0 0.223958 0.481019 0.005208 0.023148
0 0.293750 0.437037 0.005208 0.022222
0 0.300000 0.437500 0.005208 0.023148
0 0.301563 0.431481 0.005208 0.025926
0 0.230208 0.344444 0.006250 0.027778
0 0.235417 0.339352 0.005208 0.023148
0 0.265885 0.335185 0.006771 0.024074
0 0.305990 0.337500 0.005729 0.021296
0 0.310156 0.338889 0.004687 0.020370
0 0.324219 0.342593 0.004687 0.020370
0 0.342969 0.337963 0.005729 0.025926
0 0.349740 0.341204 0.003646 0.023148
0 0.350260 0.335648 0.004687 0.021296
0 0.369531 0.341667 0.004687 0.018519
0 0.394271 0.337963 0.005208 0.022222
0 0.402083 0.343981 0.004167 0.021296
0 0.430208 0.346759 0.004167 0.015741
0 0.449479 0.339815 0.004167 0.020370
0 0.421094 0.348611 0.004687 0.015741
0 0.412500 0.348148 0.004167 0.018519
0 0.415625 0.347685 0.004167 0.017593
0 0.573438 0.346759 0.005208 0.026852
0 0.582812 0.343056 0.005208 0.025000
0 0.585938 0.342593 0.005208 0.020370
0 0.522396 0.344907 0.006250 0.023148
