0 0.738235 0.786928 0.023529 0.062745
0 0.696324 0.290196 0.008824 0.047059
0 0.663603 0.329412 0.008088 0.047059
0 0.673529 0.339869 0.008824 0.049673
0 0.680147 0.330719 0.007353 0.049673
0 0.671324 0.275163 0.008824 0.043137
0 0.660294 0.279085 0.008824 0.043137
0 0.652574 0.272549 0.009559 0.045752
0 0.662132 0.256209 0.011029 0.047059
0 0.586029 0.164706 0.005882 0.028758
0 0.579779 0.162092 0.006618 0.031373
0 0.572426 0.160131 0.006618 0.032680
0 0.337868 0.560784 0.013971 0.060131
0 0.342647 0.553595 0.014706 0.048366
0 0.094853 0.437908 0.014706 0.060131
0 0.088971 0.432026 0.014706 0.056209
0 0.362868 0.386928 0.012500 0.041830
0 0.485662 0.220261 0.008088 0.032680
0 0.448529 0.152288 0.007353 0.030065
0 0.137132 0.333333 0.009559 0.044444
0 0.242279 0.084314 0.003676 0.024837
0 0.359926 0.079739 0.006618 0.020915
0 0.364706 0.033333 0.005882 0.022222
0 0.408088 0.076471 0.005882 0.022222
0 0.429412 0.086928 0.005882 0.022222
0 0.479412 0.079739 0.004412 0.023529
0 0.444118 0.068627 0.004412 0.016993
0 0.443015 0.065359 0.005147 0.018301
0 0.448162 0.035294 0.003676 0.023529
0 0.443015 0.043137 0.006618 0.020915
0 0.520956 0.061438 0.005147 0.026144
0 0.528309 0.047712 0.003676 0.024837
0 0.527206 0.082353 0.004412 0.026144
0 0.536765 0.080392 0.005882 0.024837
0 0.576471 0.077124 0.005882 0.023529
