0 0.430882 0.449673 0.005882 0.023529
0 0.437132 0.450327 0.006618 0.024837
0 0.466544 0.207190 0.005147 0.019608
0 0.462868 0.201307 0.006618 0.026144
0 0.475368 0.175163 0.003676 0.020915
0 0.472426 0.173203 0.005147 0.022222
0 0.474632 0.160784 0.003676 0.018301
0 0.511765 0.167974 0.005882 0.019608
0 0.577574 0.167320 0.005147 0.020915
0 0.548897 0.137908 0.005147 0.019608
0 0.549265 0.128758 0.004412 0.016993
0 0.541912 0.122876 0.004412 0.020915
0 0.543750 0.122222 0.005147 0.022222
0 0.689706 0.237908 0.007353 0.026144
0 0.642647 0.186928 0.007353 0.018301
0 0.659191 0.184967 0.006618 0.019608
0 0.675735 0.185621 0.007353 0.028758
0 0.670221 0.179085 0.006618 0.020915
0 0.602206 0.124183 0.004412 0.020915
0 0.610662 0.086275 0.005147 0.023529
