0 0.334926 0.305229 0.008088 0.043137
0 0.563235 0.083007 0.004412 0.019608
0 0.395221 0.147059 0.006618 0.019608
0 0.327574 0.096732 0.003676 0.020915
0 0.322794 0.096078 0.004412 0.024837
0 0.311397 0.200000 0.006618 0.028758
0 0.398162 0.020915 0.003676 0.010458
0 0.468382 0.011765 0.002941 0.007843
0 0.473162 0.024183 0.002206 0.009150
0 0.474265 0.022222 0.002941 0.010458
0 0.538235 0.064706 0.002941 0.011765
0 0.603676 0.489542 0.013235 0.048366
0 0.222426 0.149020 0.008088 0.033987
0 0.228676 0.167320 0.007353 0.018301
0 0.095956 0.569281 0.012500 0.064052
0 0.080882 0.566013 0.016176 0.067974
0 0.069118 0.552941 0.017647 0.060131
0 0.065441 0.541176 0.016176 0.062745
0 0.093750 0.501961 0.018382 0.060131
0 0.101471 0.473203 0.011765 0.052288
0 0.060294 0.490196 0.011765 0.057516
0 0.080147 0.488889 0.013235 0.054902
0 0.093750 0.479739 0.012500 0.054902
0 0.073162 0.484314 0.013971 0.058824
