0 0.093382 0.790850 0.017647 0.070588
0 0.108824 0.783660 0.025000 0.079739
0 0.778309 0.353595 0.008088 0.045752
0 0.647059 0.371895 0.010294 0.045752
0 0.925368 0.827451 0.021324 0.075817
0 0.589338 0.213725 0.005147 0.022222
0 0.589338 0.207843 0.006618 0.026144
0 0.597059 0.191503 0.004412 0.022222
0 0.663235 0.137255 0.004412 0.028758
0 0.656250 0.127451 0.005147 0.030065
0 0.661397 0.130065 0.005147 0.016993
0 0.585294 0.141176 0.005882 0.023529
0 0.639706 0.107843 0.004412 0.019608
0 0.591544 0.013072 0.003676 0.015686
0 0.579779 0.033987 0.003676 0.026144
0 0.572059 0.060131 0.004412 0.020915
0 0.552206 0.006536 0.002941 0.010458
0 0.197426 0.573856 0.015441 0.047059
0 0.299265 0.406536 0.010294 0.049673
0 0.247794 0.429412 0.008824 0.045752
0 0.257353 0.390196 0.011765 0.048366
0 0.270221 0.383007 0.009559 0.044444
0 0.268382 0.365359 0.008824 0.045752
0 0.306618 0.296078 0.007353 0.040523
0 0.312868 0.295425 0.008088 0.041830
0 0.318015 0.296078 0.008088 0.035294
0 0.311029 0.231373 0.007353 0.033987
0 0.362868 0.158824 0.005147 0.030065
0 0.367279 0.162745 0.005147 0.022222
0 0.367279 0.132680 0.005147 0.022222
0 0.375000 0.130065 0.007353 0.030065
0 0.391544 0.071242 0.005147 0.024837
0 0.402206 0.064706 0.004412 0.022222
0 0.409559 0.065359 0.004412 0.023529
0 0.388235 0.061438 0.004412 0.020915
