0 0.062500 0.794771 0.010294 0.026144
0 0.066544 0.775163 0.013971 0.049673
0 0.076838 0.758824 0.012500 0.043137
0 0.402206 0.786275 0.013235 0.040523
0 0.404412 0.764052 0.013235 0.035294
0 0.505515 0.886275 0.013971 0.041830
0 0.570588 0.709150 0.013235 0.048366
0 0.535662 0.467974 0.008088 0.031373
0 0.551471 0.400000 0.011765 0.031373
0 0.477941 0.365359 0.005882 0.022222
0 0.453676 0.209804 0.002941 0.009150
0 0.337132 0.110458 0.002206 0.011765
0 0.341176 0.121569 0.004412 0.010458
0 0.329412 0.119608 0.004412 0.011765
0 0.325735 0.164052 0.004412 0.016993
0 0.264338 0.272549 0.005147 0.024837
0 0.183824 0.333333 0.008824 0.026144
0 0.239706 0.343137 0.005882 0.024837
0 0.243015 0.350980 0.005147 0.019608
0 0.246691 0.367320 0.006618 0.028758
0 0.238235 0.370588 0.005882 0.030065
0 0.240074 0.369281 0.005147 0.022222
0 0.219485 0.387582 0.005147 0.022222
0 0.229044 0.375163 0.005147 0.023529
