0 0.529687 0.652315 0.006250 0.021296
0 0.528646 0.536574 0.004167 0.017593
0 0.519010 0.506019 0.003646 0.021296
0 0.516406 0.503704 0.003646 0.022222
0 0.513542 0.504630 0.003125 0.018519
0 0.511979 0.502778 0.003125 0.018519
0 0.511198 0.519444 0.005729 0.018519
0 0.524479 0.517130 0.004167 0.021296
0 0.527344 0.518056 0.003646 0.019444
0 0.529167 0.523611 0.003125 0.010185
0 0.534635 0.504167 0.004687 0.021296
0 0.527604 0.507407 0.005208 0.020370
0 0.529427 0.492130 0.004687 0.019444
0 0.522656 0.498611 0.002604 0.012037
0 0.522656 0.495833 0.003646 0.013889
0 0.856771 0.561574 0.008333 0.026852
0 0.849479 0.562500 0.007292 0.021296
0 0.701302 0.458333 0.004687 0.018519
0 0.758333 0.422685 0.004167 0.017593
0 0.727865 0.392593 0.003646 0.014815
0 0.732292 0.392130 0.004167 0.015741
0 0.718229 0.373611 0.004167 0.013889
0 0.733073 0.374074 0.004687 0.014815
0 0.723177 0.358333 0.004687 0.012963
0 0.728906 0.362037 0.003646 0.012963
0 0.509896 0.391204 0.003125 0.012037
0 0.469531 0.371759 0.003646 0.010185
0 0.459635 0.374074 0.003646 0.009259
0 0.452344 0.376852 0.002604 0.014815
0 0.454167 0.375926 0.003125 0.011111
0 0.638281 0.400926 0.004687 0.016667
0 0.640104 0.397222 0.003125 0.014815
0 0.553385 0.957870 0.010937 0.032407
0 0.558333 0.898611 0.008333 0.030556
0 0.364323 0.498148 0.003646 0.016667
0 0.376042 0.419444 0.003125 0.018519
0 0.310937 0.413426 0.003125 0.017593
0 0.427083 0.332407 0.003125 0.007407
0 0.423698 0.320370 0.002604 0.007407
0 0.460938 0.273148 0.002083 0.007407
0 0.500521 0.260185 0.002083 0.007407
