0 0.040809 0.886928 0.011029 0.016993
0 0.046324 0.822222 0.010294 0.010458
0 0.050368 0.907843 0.011029 0.011765
0 0.369853 0.607843 0.004412 0.015686
0 0.492279 0.659477 0.005147 0.014379
0 0.364338 0.700000 0.008088 0.014379
0 0.385294 0.711111 0.005882 0.010458
0 0.388235 0.701961 0.005882 0.007843
0 0.587868 0.650327 0.006618 0.014379
0 0.352574 0.898693 0.008088 0.014379
0 0.402941 0.739216 0.005882 0.011765
0 0.522426 0.727451 0.005147 0.016993
0 0.533824 0.225490 0.005882 0.014379
0 0.525000 0.179085 0.004412 0.015686
0 0.195588 0.411765 0.005882 0.013072
0 0.198529 0.469281 0.007353 0.015686
0 0.217647 0.261438 0.008824 0.018301
0 0.158456 0.189542 0.008088 0.015686
0 0.536397 0.436601 0.006618 0.015686
0 0.594485 0.386928 0.005147 0.015686
0 0.527206 0.516340 0.004412 0.013072
0 0.593750 0.533987 0.005147 0.011765
0 0.584191 0.907843 0.005147 0.014379
0 0.548897 0.072549 0.006618 0.019608
