0 0.066544 0.866013 0.012500 0.037908
0 0.294853 0.150980 0.005882 0.022222
0 0.290809 0.154902 0.003676 0.016993
0 0.336397 0.106536 0.005147 0.019608
0 0.396324 0.094771 0.002941 0.019608
0 0.374265 0.227451 0.005882 0.020915
0 0.146324 0.417647 0.008824 0.030065
0 0.131985 0.392810 0.008088 0.024837
0 0.485662 0.184314 0.003676 0.015686
0 0.493015 0.184314 0.003676 0.015686
0 0.516912 0.177778 0.002941 0.018301
0 0.532353 0.290196 0.005882 0.018301
0 0.192279 0.417647 0.006618 0.022222
0 0.305147 0.468627 0.007353 0.019608
0 0.254044 0.544444 0.006618 0.027451
0 0.252941 0.528758 0.005882 0.024837
0 0.244485 0.696732 0.008088 0.031373
0 0.237868 0.792157 0.009559 0.033987
0 0.223897 0.812418 0.009559 0.030065
0 0.208456 0.816993 0.009559 0.031373
0 0.206250 0.837908 0.009559 0.028758
0 0.220956 0.836601 0.009559 0.041830
0 0.203309 0.919608 0.012500 0.030065
0 0.223529 0.967320 0.013235 0.047059
