0 0.394118 0.021569 0.002941 0.016993
0 0.561765 0.903268 0.017647 0.065359
0 0.579412 0.649020 0.011765 0.064052
0 0.580882 0.421569 0.008824 0.043137
0 0.545956 0.303268 0.006618 0.036601
0 0.710294 0.067320 0.004412 0.019608
0 0.559559 0.089542 0.004412 0.022222
0 0.556250 0.090196 0.003676 0.020915
0 0.554779 0.062745 0.003676 0.018301
0 0.558088 0.039216 0.002941 0.015686
0 0.551471 0.088889 0.004412 0.020915
0 0.544853 0.135948 0.004412 0.020915
0 0.545221 0.138562 0.003676 0.015686
0 0.542279 0.019608 0.003676 0.015686
0 0.543750 0.034641 0.003676 0.014379
0 0.437132 0.604575 0.011029 0.050980
0 0.450000 0.182353 0.005882 0.024837
0 0.410662 0.426797 0.009559 0.037908
