0 0.361458 0.415741 0.008333 0.020370
0 0.841146 0.793519 0.011458 0.038889
0 0.839583 0.727778 0.006250 0.025926
0 0.833333 0.726852 0.008333 0.035185
0 0.899479 0.533333 0.007292 0.025926
0 0.929688 0.501852 0.007292 0.025926
0 0.959896 0.601852 0.007292 0.022222
0 0.538021 0.790741 0.007292 0.033333
0 0.532292 0.775926 0.008333 0.025926
0 0.531250 0.774074 0.008333 0.025926
0 0.572917 0.770370 0.008333 0.037037
0 0.465625 0.311111 0.004167 0.018519
0 0.423438 0.363889 0.003125 0.012963
0 0.448437 0.299074 0.003125 0.012963
0 0.446875 0.300000 0.002083 0.014815
0 0.436979 0.287037 0.003125 0.011111
0 0.382812 0.482407 0.005208 0.012963
0 0.247396 0.638889 0.007292 0.029630
0 0.621354 0.853704 0.009375 0.029630
0 0.551042 0.837963 0.012500 0.020370
0 0.855208 0.807407 0.008333 0.033333
0 0.862500 0.807407 0.008333 0.033333
0 0.905729 0.487963 0.003125 0.020370
0 0.900521 0.486111 0.007292 0.020370
0 0.732812 0.437963 0.005208 0.024074
0 0.884896 0.524074 0.007292 0.018519
0 0.928646 0.544444 0.007292 0.018519
0 0.836979 0.449074 0.005208 0.012963
0 0.794271 0.433333 0.007292 0.018519
