0 0.662868 0.284314 0.006618 0.032680
0 0.625368 0.180392 0.006618 0.020915
0 0.640074 0.190850 0.005147 0.028758
0 0.636765 0.185621 0.005882 0.026144
0 0.654044 0.159477 0.005147 0.028758
0 0.604412 0.094771 0.004412 0.024837
0 0.619485 0.114379 0.005147 0.019608
0 0.949632 0.399346 0.013971 0.045752
0 0.862500 0.362092 0.013235 0.047059
0 0.809559 0.349020 0.008824 0.039216
0 0.754779 0.360131 0.008088 0.037908
0 0.983456 0.622222 0.015441 0.054902
0 0.782353 0.841176 0.013235 0.061438
0 0.747426 0.662092 0.012500 0.040523
0 0.711765 0.324183 0.010294 0.039216
0 0.705147 0.383660 0.008824 0.022222
0 0.681250 0.332026 0.006618 0.036601
0 0.664338 0.452288 0.012500 0.039216
0 0.666176 0.437255 0.011765 0.027451
0 0.649632 0.428758 0.012500 0.033987
0 0.636397 0.373203 0.008088 0.040523
0 0.557721 0.128758 0.003676 0.027451
0 0.553309 0.127451 0.005147 0.027451
0 0.588971 0.275163 0.005882 0.027451
0 0.579044 0.273856 0.006618 0.040523
0 0.530147 0.049673 0.004412 0.015686
0 0.643015 0.835294 0.021324 0.049673
0 0.652941 0.835294 0.014706 0.039216
0 0.560662 0.869281 0.022794 0.052288
0 0.002574 0.833333 0.005147 0.037908
0 0.155882 0.720915 0.013235 0.045752
0 0.149632 0.722876 0.009559 0.033987
0 0.089706 0.724183 0.016176 0.044444
0 0.132353 0.426144 0.013235 0.041830
0 0.256618 0.388889 0.011765 0.030065
0 0.264338 0.407843 0.009559 0.044444
0 0.431985 0.387582 0.009559 0.037908
0 0.505147 0.321569 0.008824 0.044444
0 0.488603 0.278431 0.009559 0.028758
0 0.387132 0.202614 0.008088 0.033987
0 0.380882 0.090196 0.005882 0.023529
0 0.403676 0.067974 0.004412 0.018301
0 0.448897 0.258824 0.006618 0.020915
0 0.448162 0.259477 0.006618 0.030065
0 0.486029 0.020261 0.004412 0.014379
