0 0.127941 0.857516 0.017647 0.031373
0 0.027206 0.392810 0.007353 0.022222
0 0.024265 0.383007 0.005882 0.020915
0 0.011029 0.337908 0.007353 0.016993
0 0.183824 0.037908 0.002941 0.007843
0 0.142647 0.087582 0.004412 0.013072
0 0.142647 0.098693 0.002941 0.011765
0 0.109191 0.156863 0.005147 0.013072
0 0.252941 0.036601 0.002941 0.010458
0 0.250000 0.023529 0.002941 0.007843
0 0.261765 0.011765 0.002941 0.007843
0 0.172426 0.222222 0.003676 0.013072
0 0.211765 0.280392 0.005882 0.019608
0 0.214338 0.272549 0.003676 0.019608
0 0.193750 0.290196 0.005147 0.018301
0 0.188603 0.324183 0.005147 0.018301
0 0.151838 0.372549 0.008088 0.023529
0 0.162868 0.365359 0.006618 0.024837
0 0.140074 0.366013 0.006618 0.023529
0 0.181250 0.333987 0.005147 0.022222
0 0.177941 0.334641 0.005882 0.018301
0 0.193382 0.323529 0.005882 0.022222
0 0.218750 0.321569 0.008088 0.026144
0 0.157353 0.320915 0.007353 0.019608
0 0.129779 0.381046 0.006618 0.024837
0 0.116912 0.446405 0.007353 0.016993
0 0.146691 0.432680 0.005147 0.020915
0 0.198529 0.405882 0.007353 0.024837
0 0.255147 0.367320 0.005882 0.020915
0 0.241912 0.362745 0.004412 0.022222
0 0.249265 0.354248 0.005882 0.013072
0 0.280147 0.358170 0.004412 0.015686
0 0.163235 0.392810 0.005882 0.014379
0 0.172426 0.416993 0.006618 0.015686
0 0.175735 0.413725 0.005882 0.022222
0 0.207721 0.404575 0.006618 0.014379
0 0.246691 0.422876 0.008088 0.016993
0 0.250735 0.425490 0.004412 0.019608
0 0.311765 0.533987 0.008824 0.027451
0 0.323897 0.551634 0.006618 0.026144
0 0.327206 0.538562 0.007353 0.026144
0 0.402574 0.398039 0.008088 0.019608
0 0.420221 0.344444 0.005147 0.019608
0 0.472794 0.354902 0.004412 0.022222
0 0.576471 0.347059 0.004412 0.016993
0 0.706985 0.413072 0.006618 0.015686
0 0.769118 0.361438 0.007353 0.011765
0 0.577574 0.325490 0.005147 0.018301
0 0.527574 0.309804 0.005147 0.018301
0 0.490809 0.326797 0.003676 0.023529
0 0.443382 0.317647 0.005882 0.018301
0 0.343015 0.377124 0.006618 0.019608
0 0.229779 0.366013 0.008088 0.028758
0 0.277574 0.509150 0.008088 0.027451
0 0.273162 0.522222 0.008088 0.014379
0 0.260294 0.509804 0.007353 0.015686
0 0.254779 0.509804 0.008088 0.018301
0 0.248897 0.509804 0.006618 0.018301
0 0.243015 0.511765 0.006618 0.016993
0 0.231618 0.513725 0.008824 0.015686
0 0.290441 0.522222 0.007353 0.016993
0 0.257721 0.530065 0.008088 0.022222
0 0.227206 0.523529 0.007353 0.016993
0 0.221324 0.528105 0.008824 0.018301
0 0.215441 0.529412 0.008824 0.018301
0 0.209559 0.532026 0.008824 0.020915
0 0.205147 0.533987 0.011765 0.016993
0 0.215441 0.500654 0.007353 0.023529
0 0.195588 0.507843 0.007353 0.027451
0 0.194118 0.518301 0.007353 0.016993
0 0.248529 0.524837 0.007353 0.016993
0 0.197426 0.543791 0.006618 0.018301
0 0.193750 0.545752 0.008088 0.019608
0 0.190809 0.537255 0.008088 0.015686
0 0.186765 0.518954 0.007353 0.015686
0 0.180147 0.518954 0.007353 0.018301
0 0.170588 0.515033 0.008824 0.028758
0 0.170588 0.527451 0.008824 0.016993
0 0.168382 0.530065 0.007353 0.016993
0 0.160662 0.529412 0.006618 0.028758
0 0.159559 0.520261 0.007353 0.028758
0 0.166544 0.537255 0.006618 0.020915
0 0.187132 0.546405 0.008088 0.015686
0 0.181985 0.538562 0.006618 0.020915
0 0.175735 0.535948 0.008824 0.018301
0 0.179044 0.545752 0.009559 0.019608
0 0.172794 0.549020 0.008824 0.015686
0 0.169853 0.566013 0.007353 0.036601
0 0.167647 0.554248 0.007353 0.018301
0 0.163971 0.556209 0.008824 0.019608
0 0.160294 0.561438 0.008824 0.016993
0 0.152574 0.559477 0.008088 0.028758
0 0.148162 0.556863 0.009559 0.026144
0 0.147794 0.562745 0.008824 0.019608
0 0.157721 0.567320 0.009559 0.015686
0 0.156250 0.570588 0.008088 0.016993
0 0.154779 0.576471 0.006618 0.018301
0 0.154044 0.579085 0.006618 0.015686
0 0.152574 0.584967 0.009559 0.016993
0 0.152206 0.593464 0.010294 0.015686
0 0.145221 0.624837 0.009559 0.018301
0 0.141912 0.637255 0.010294 0.016993
0 0.139338 0.643791 0.011029 0.022222
0 0.136765 0.652288 0.010294 0.020915
0 0.134191 0.654248 0.009559 0.014379
0 0.136765 0.663399 0.011765 0.019608
0 0.171324 0.586275 0.010294 0.030065
0 0.168750 0.602614 0.008088 0.015686
0 0.168015 0.612418 0.009559 0.014379
0 0.166912 0.622876 0.010294 0.019608
0 0.163603 0.631373 0.009559 0.020915
0 0.156250 0.630719 0.008088 0.014379
0 0.154044 0.624183 0.008088 0.019608
0 0.151838 0.619608 0.008088 0.015686
0 0.158824 0.652288 0.008824 0.018301
0 0.095956 0.287582 0.005147 0.023529
