0 0.379779 0.943137 0.011029 0.035294
0 0.383088 0.937908 0.011765 0.032680
0 0.397426 0.940523 0.018382 0.035294
0 0.525368 0.558824 0.005147 0.019608
0 0.519853 0.557516 0.007353 0.019608
0 0.547059 0.467974 0.005882 0.020915
0 0.348529 0.450980 0.005882 0.013072
0 0.354779 0.452288 0.005147 0.013072
0 0.461029 0.433333 0.004412 0.014379
0 0.465074 0.431373 0.005147 0.013072
0 0.495588 0.394118 0.005882 0.014379
0 0.502941 0.398693 0.004412 0.010458
0 0.598162 0.436601 0.003676 0.010458
0 0.602574 0.435948 0.005147 0.009150
0 0.626103 0.424183 0.005147 0.014379
0 0.599632 0.390196 0.005147 0.024837
0 0.639706 0.354248 0.004412 0.020915
0 0.635662 0.349020 0.005147 0.020915
0 0.625735 0.347712 0.004412 0.018301
0 0.622426 0.346405 0.003676 0.020915
0 0.638235 0.333333 0.002941 0.015686
0 0.646691 0.343791 0.003676 0.013072
0 0.655515 0.320915 0.003676 0.014379
0 0.630515 0.316340 0.003676 0.018301
0 0.631618 0.305882 0.004412 0.015686
0 0.623162 0.303922 0.003676 0.019608
0 0.610294 0.314379 0.002941 0.016993
0 0.604779 0.311765 0.003676 0.016993
0 0.604044 0.301307 0.003676 0.014379
0 0.601838 0.300654 0.002206 0.015686
0 0.592279 0.325490 0.003676 0.018301
0 0.591544 0.305229 0.003676 0.016993
0 0.583088 0.309150 0.002941 0.019608
0 0.590809 0.288889 0.003676 0.013072
0 0.569118 0.302614 0.004412 0.016993
0 0.556618 0.300654 0.004412 0.015686
0 0.517647 0.322876 0.002941 0.018301
0 0.506618 0.355556 0.002941 0.026144
0 0.518382 0.346405 0.004412 0.023529
0 0.525735 0.351634 0.004412 0.023529
0 0.530147 0.349673 0.004412 0.024837
0 0.533456 0.345752 0.003676 0.022222
0 0.584559 0.340523 0.004412 0.019608
0 0.573529 0.343137 0.004412 0.019608
0 0.572426 0.344444 0.005147 0.022222
0 0.568015 0.345752 0.003676 0.019608
0 0.563235 0.350327 0.002941 0.013072
0 0.523897 0.295425 0.003676 0.015686
0 0.510662 0.297386 0.003676 0.016993
0 0.533824 0.316340 0.004412 0.018301
0 0.540809 0.315686 0.003676 0.014379
0 0.545221 0.315033 0.005147 0.015686
0 0.322426 0.369281 0.006618 0.027451
0 0.312132 0.369935 0.003676 0.026144
0 0.305147 0.369281 0.004412 0.032680
0 0.240074 0.370588 0.005147 0.024837
0 0.205147 0.374510 0.002941 0.019608
0 0.202574 0.370588 0.005147 0.024837
0 0.169118 0.341176 0.004412 0.015686
0 0.176103 0.341830 0.005147 0.024837
0 0.262500 0.349020 0.004412 0.020915
0 0.273529 0.347712 0.004412 0.018301
0 0.270221 0.352288 0.003676 0.011765
0 0.240809 0.301961 0.003676 0.015686
0 0.243750 0.296078 0.003676 0.014379
0 0.236765 0.301307 0.004412 0.016993
0 0.202941 0.273203 0.002941 0.010458
0 0.200735 0.274510 0.002941 0.013072
0 0.973529 0.335948 0.004412 0.020915
0 0.967647 0.334641 0.004412 0.020915
0 0.955515 0.364052 0.005147 0.019608
0 0.941912 0.355556 0.005882 0.020915
