0 0.023958 0.543981 0.010417 0.034259
0 0.026042 0.576389 0.010417 0.041667
0 0.063542 0.506019 0.008333 0.028704
0 0.073698 0.506481 0.007812 0.029630
0 0.065625 0.523148 0.007292 0.031481
0 0.059115 0.533333 0.009896 0.031481
0 0.061458 0.563889 0.007292 0.035185
0 0.066406 0.574074 0.005729 0.038889
0 0.073698 0.574074 0.008854 0.037037
0 0.071615 0.564815 0.008854 0.038889
0 0.073177 0.554630 0.007812 0.037037
0 0.010156 0.625000 0.013021 0.048148
0 0.004948 0.654167 0.009896 0.036111
0 0.005469 0.684259 0.010937 0.040741
0 0.006510 0.721296 0.013021 0.055556
0 0.022917 0.711111 0.014583 0.062963
0 0.033333 0.692593 0.013542 0.061111
0 0.028646 0.795370 0.029167 0.070370
0 0.023698 0.831019 0.023438 0.063889
0 0.072656 0.800926 0.020313 0.085185
0 0.119010 0.929167 0.026562 0.086111
0 0.124479 0.973148 0.025000 0.053704
0 0.085938 0.528241 0.006250 0.034259
0 0.092448 0.528241 0.006771 0.032407
0 0.107031 0.511111 0.006771 0.025926
0 0.140625 0.506481 0.006250 0.024074
0 0.175000 0.547685 0.010417 0.030556
0 0.180990 0.484259 0.007812 0.025926
0 0.187240 0.485185 0.005729 0.025926
0 0.184635 0.496296 0.004687 0.027778
0 0.192448 0.495833 0.004687 0.028704
0 0.193750 0.493981 0.005208 0.028704
0 0.201302 0.467593 0.005729 0.022222
0 0.205469 0.500000 0.004687 0.027778
0 0.224479 0.508796 0.005208 0.025000
0 0.243750 0.502778 0.006250 0.029630
0 0.245573 0.463889 0.003646 0.022222
0 0.254427 0.473148 0.004687 0.025926
0 0.273958 0.463889 0.004167 0.020370
0 0.284896 0.483333 0.005208 0.027778
0 0.289062 0.467130 0.003125 0.021296
0 0.273177 0.415741 0.002604 0.012963
0 0.275000 0.414352 0.002083 0.012037
0 0.274219 0.425000 0.003646 0.012963
0 0.253646 0.454167 0.004167 0.015741
0 0.279167 0.428241 0.003125 0.012037
0 0.279948 0.433333 0.002604 0.014815
0 0.284375 0.416667 0.003125 0.014815
0 0.289323 0.412963 0.002604 0.011111
0 0.289323 0.428704 0.002604 0.014815
0 0.292187 0.423148 0.003125 0.018519
0 0.307031 0.444907 0.003646 0.015741
0 0.319792 0.458796 0.004167 0.019444
0 0.323698 0.460648 0.003646 0.019444
0 0.328385 0.464815 0.004687 0.018519
0 0.334115 0.478241 0.005729 0.025000
0 0.224479 0.554167 0.007292 0.030556
0 0.375000 0.484722 0.004167 0.015741
0 0.382031 0.489815 0.004687 0.016667
0 0.384635 0.496759 0.005729 0.019444
0 0.376823 0.501852 0.004687 0.025926
0 0.372396 0.518519 0.006250 0.022222
0 0.361198 0.522222 0.005729 0.018519
0 0.360938 0.531944 0.006250 0.025000
0 0.342448 0.549074 0.008854 0.031481
0 0.324219 0.552778 0.008854 0.029630
0 0.314844 0.576389 0.008854 0.032407
0 0.305208 0.604167 0.009375 0.036111
0 0.323698 0.632870 0.010937 0.043519
0 0.290885 0.641204 0.011979 0.047222
0 0.283073 0.685648 0.010937 0.054630
0 0.196354 0.729167 0.017708 0.060185
0 0.251823 0.715741 0.016146 0.062963
0 0.248177 0.764815 0.017188 0.066667
0 0.289323 0.757407 0.015104 0.068519
0 0.342187 0.718981 0.015625 0.049074
0 0.417187 0.459259 0.005208 0.018519
0 0.477083 0.495833 0.004167 0.026852
0 0.473958 0.494444 0.004167 0.020370
0 0.472135 0.493519 0.003646 0.018519
0 0.512760 0.434259 0.002604 0.012963
0 0.505469 0.422222 0.002604 0.009259
0 0.480729 0.430556 0.003125 0.011111
0 0.517969 0.445833 0.003646 0.013889
0 0.509115 0.461111 0.004687 0.012963
0 0.512500 0.466204 0.003125 0.013889
0 0.517708 0.468981 0.003125 0.013889
0 0.515625 0.474074 0.004167 0.016667
0 0.517969 0.483333 0.004687 0.020370
0 0.530469 0.468981 0.003646 0.019444
0 0.533854 0.473148 0.004167 0.012963
0 0.527344 0.477315 0.003646 0.013889
0 0.526042 0.479167 0.004167 0.013889
0 0.524740 0.483796 0.004687 0.013889
0 0.523698 0.490278 0.004687 0.015741
0 0.520833 0.495370 0.006250 0.016667
0 0.533073 0.491667 0.005729 0.020370
0 0.531510 0.512963 0.005729 0.022222
0 0.564063 0.477315 0.004167 0.019444
0 0.564583 0.493519 0.004167 0.024074
0 0.546094 0.490741 0.004687 0.018519
0 0.544531 0.499074 0.005729 0.020370
0 0.547656 0.500926 0.004687 0.016667
0 0.547917 0.514352 0.006250 0.025000
0 0.556510 0.493519 0.004687 0.025926
0 0.567448 0.492593 0.003646 0.022222
0 0.578906 0.488889 0.005729 0.020370
0 0.572396 0.498148 0.005208 0.020370
0 0.571354 0.527778 0.006250 0.025926
0 0.580990 0.500000 0.005729 0.027778
0 0.584635 0.510185 0.004687 0.024074
0 0.576042 0.518519 0.005208 0.022222
0 0.580990 0.521759 0.005729 0.026852
0 0.602083 0.495370 0.005208 0.022222
0 0.601302 0.528704 0.005729 0.024074
0 0.604948 0.541667 0.006771 0.031481
0 0.595833 0.506944 0.006250 0.026852
0 0.607812 0.490278 0.005208 0.025000
0 0.609896 0.515741 0.006250 0.024074
0 0.614844 0.516667 0.005729 0.027778
0 0.594271 0.466204 0.006250 0.013889
0 0.619792 0.494444 0.006250 0.018519
0 0.626823 0.496759 0.005729 0.015741
0 0.625260 0.512037 0.004687 0.025926
0 0.629167 0.518056 0.006250 0.030556
0 0.634896 0.518056 0.005208 0.030556
0 0.557031 0.510648 0.005729 0.021296
0 0.561979 0.515741 0.005208 0.018519
0 0.559375 0.527315 0.006250 0.025000
0 0.653385 0.493981 0.005729 0.019444
0 0.666406 0.494444 0.005729 0.016667
0 0.659375 0.539815 0.007292 0.035185
0 0.672135 0.517593 0.007812 0.024074
0 0.707292 0.535185 0.006250 0.033333
0 0.685677 0.581481 0.007812 0.040741
0 0.608594 0.585648 0.009896 0.039815
0 0.623437 0.591204 0.008333 0.034259
0 0.638021 0.593519 0.010417 0.029630
0 0.665104 0.606019 0.010417 0.037963
0 0.594271 0.653704 0.012500 0.050000
0 0.603646 0.639352 0.010417 0.041667
0 0.640365 0.661574 0.016146 0.049074
0 0.660677 0.647685 0.010937 0.041667
0 0.544010 0.817593 0.019271 0.096296
0 0.576823 0.789352 0.015104 0.078704
0 0.578906 0.794907 0.017188 0.082407
0 0.598698 0.736574 0.014063 0.063889
0 0.603125 0.737963 0.017708 0.068519
0 0.623437 0.762963 0.012500 0.070370
0 0.621875 0.767593 0.010417 0.074074
0 0.709635 0.652315 0.013021 0.045370
0 0.939844 0.457870 0.003646 0.015741
0 0.945573 0.456944 0.003646 0.013889
0 0.846094 0.465278 0.005729 0.021296
0 0.924479 0.456019 0.004167 0.015741
0 0.785937 0.468056 0.004167 0.019444
0 0.758854 0.561111 0.009375 0.038889
0 0.769271 0.576389 0.010417 0.039815
0 0.801823 0.579630 0.007812 0.044444
0 0.820833 0.585648 0.008333 0.041667
0 0.729688 0.668981 0.015625 0.041667
0 0.716406 0.712500 0.011979 0.049074
0 0.748437 0.783796 0.017708 0.076852
0 0.821354 0.781944 0.019792 0.080556
0 0.708333 0.731481 0.010417 0.066667
0 0.713281 0.762037 0.011979 0.044444
0 0.732812 0.766204 0.013542 0.071296
0 0.720313 0.756944 0.011458 0.069444
0 0.745313 0.730093 0.010417 0.058333
0 0.744271 0.718519 0.011458 0.057407
0 0.758073 0.689815 0.011979 0.059259
0 0.764323 0.655093 0.010937 0.054630
0 0.781771 0.657407 0.010417 0.053704
0 0.911458 0.559722 0.008333 0.036111
0 0.914062 0.554167 0.009375 0.034259
0 0.924740 0.560648 0.009896 0.034259
0 0.933073 0.550926 0.007812 0.038889
0 0.983854 0.634259 0.011458 0.050000
0 0.950781 0.638426 0.008854 0.045370
0 0.930469 0.650463 0.015104 0.050926
0 0.898698 0.640278 0.010937 0.052778
0 0.919531 0.598611 0.011979 0.028704
0 0.917188 0.630093 0.008333 0.043519
0 0.923438 0.639352 0.011458 0.056481
0 0.936458 0.638426 0.010417 0.050926
0 0.805990 0.680556 0.015104 0.059259
0 0.798438 0.701852 0.010417 0.048148
0 0.796615 0.720833 0.009896 0.060185
0 0.801302 0.730093 0.010937 0.065741
0 0.806771 0.739352 0.010417 0.065741
0 0.810937 0.742593 0.010417 0.064815
0 0.817448 0.743519 0.011979 0.074074
0 0.817448 0.715741 0.007812 0.061111
0 0.824219 0.725463 0.011979 0.063889
0 0.831510 0.764352 0.010937 0.078704
0 0.876042 0.769444 0.015625 0.050000
0 0.885938 0.929630 0.029167 0.074074
0 0.835938 0.701389 0.008333 0.036111
