0 0.154779 0.332680 0.012500 0.050980
0 0.528676 0.820915 0.013235 0.041830
0 0.631618 0.806536 0.007353 0.031373
0 0.628676 0.783660 0.007353 0.030065
0 0.657721 0.781046 0.012500 0.050980
0 0.461765 0.601961 0.011765 0.045752
0 0.551471 0.482353 0.013235 0.041830
0 0.429779 0.449673 0.011029 0.047059
0 0.496324 0.490850 0.008824 0.032680
0 0.422794 0.236601 0.007353 0.033987
0 0.565074 0.243791 0.008088 0.043137
0 0.577941 0.255556 0.007353 0.035294
0 0.523162 0.278431 0.009559 0.028758
0 0.457353 0.125490 0.007353 0.026144
0 0.454412 0.079085 0.007353 0.022222
0 0.538971 0.113725 0.005882 0.033987
0 0.875735 0.406536 0.010294 0.041830
0 0.993750 0.518301 0.012500 0.032680
