0 0.173177 0.849074 0.006771 0.012963
0 0.189583 0.662500 0.004167 0.010185
0 0.199219 0.595370 0.005729 0.011111
0 0.171875 0.579630 0.008333 0.011111
0 0.192448 0.580093 0.008854 0.012037
0 0.196094 0.567593 0.005729 0.009259
0 0.190104 0.443981 0.004167 0.008333
0 0.187240 0.443981 0.004687 0.010185
0 0.185938 0.428241 0.007292 0.012037
0 0.226302 0.328241 0.005729 0.012037
0 0.208073 0.301389 0.004687 0.012037
0 0.203125 0.301389 0.006250 0.017593
0 0.220833 0.173148 0.005208 0.012963
0 0.243229 0.175926 0.006250 0.012963
0 0.252344 0.174074 0.004687 0.012963
0 0.254948 0.167593 0.004687 0.012963
0 0.225000 0.126852 0.007292 0.014815
0 0.231250 0.043519 0.007292 0.014815
0 0.235156 0.037963 0.004687 0.014815
0 0.411719 0.969444 0.006771 0.012963
0 0.424479 0.980556 0.005208 0.012963
0 0.395313 0.894907 0.006250 0.015741
0 0.446875 0.940741 0.007292 0.014815
0 0.460417 0.910185 0.006250 0.012963
0 0.418490 0.750463 0.006771 0.012037
0 0.715104 0.990278 0.006250 0.013889
0 0.620833 0.109259 0.004167 0.016667
0 0.825260 0.343519 0.007812 0.012963
0 0.975521 0.059722 0.009375 0.017593
0 0.973177 0.047222 0.007812 0.014815
0 0.968750 0.043981 0.004167 0.015741
0 0.970052 0.038426 0.006771 0.019444
0 0.958073 0.039815 0.007812 0.014815
0 0.174219 0.883796 0.008854 0.012037
0 0.173698 0.876389 0.008854 0.008333
