0 0.324265 0.964706 0.026471 0.062745
0 0.590809 0.243791 0.009559 0.043137
0 0.660662 0.203268 0.008088 0.043137
0 0.669485 0.205229 0.008088 0.044444
0 0.652574 0.152288 0.008088 0.043137
0 0.651471 0.116993 0.007353 0.035294
0 0.641912 0.113725 0.007353 0.033987
0 0.683456 0.007843 0.006618 0.015686
0 0.394485 0.083007 0.008088 0.032680
0 0.405882 0.054902 0.007353 0.028758
0 0.394118 0.024183 0.010294 0.027451
0 0.285662 0.101961 0.008088 0.036601
0 0.292647 0.107843 0.005882 0.024837
0 0.708456 0.812418 0.016912 0.074510
0 0.722426 0.847059 0.022794 0.062745
0 0.923529 0.768627 0.017647 0.094118
