0 0.175000 0.196078 0.010294 0.033987
0 0.184559 0.113072 0.007353 0.032680
0 0.185294 0.089542 0.007353 0.024837
0 0.194853 0.113072 0.005882 0.035294
0 0.202574 0.113072 0.008088 0.030065
0 0.502574 0.018954 0.005147 0.027451
0 0.507721 0.020261 0.003676 0.030065
0 0.529412 0.183660 0.005882 0.030065
0 0.524632 0.191503 0.003676 0.035294
0 0.520221 0.183660 0.006618 0.030065
0 0.509191 0.173203 0.006618 0.035294
0 0.515441 0.199346 0.005882 0.030065
0 0.510662 0.200654 0.006618 0.030065
0 0.491544 0.207843 0.008088 0.028758
