0 0.865809 0.081699 0.019853 0.071895
0 0.708456 0.540523 0.024265 0.082353
0 0.720588 0.548366 0.027941 0.084967
0 0.703676 0.454248 0.026471 0.077124
0 0.801471 0.075163 0.022059 0.069281
0 0.801471 0.032680 0.022059 0.065359
0 0.827941 0.030719 0.017647 0.061438
0 0.833456 0.048366 0.021324 0.073203
0 0.834559 0.058170 0.023529 0.074510
0 0.755515 0.037255 0.015441 0.064052
0 0.762868 0.045752 0.018382 0.075817
0 0.644485 0.271895 0.016912 0.078431
0 0.593750 0.259477 0.018382 0.079739
0 0.565809 0.259477 0.012500 0.079739
0 0.568015 0.074510 0.013971 0.081046
0 0.561765 0.116993 0.016176 0.087582
0 0.544118 0.103922 0.022059 0.082353
0 0.548897 0.137908 0.018382 0.077124
0 0.525368 0.114379 0.011029 0.069281
0 0.401838 0.047712 0.016912 0.079739
0 0.404779 0.033987 0.015441 0.067974
0 0.424632 0.049020 0.013971 0.069281
0 0.433824 0.033987 0.013235 0.067974
0 0.531250 0.021569 0.013971 0.043137
