0 0.111458 0.229630 0.008333 0.014815
0 0.114844 0.226852 0.006771 0.016667
0 0.112500 0.328241 0.007292 0.013889
0 0.121094 0.407870 0.006771 0.013889
0 0.116146 0.417130 0.008333 0.015741
0 0.116667 0.468981 0.007292 0.015741
0 0.125260 0.651852 0.007812 0.012963
0 0.170052 0.852315 0.006771 0.015741
0 0.181510 0.958333 0.007812 0.011111
0 0.296094 0.009722 0.004687 0.012037
0 0.330729 0.032407 0.004167 0.018519
0 0.338281 0.066204 0.004687 0.015741
0 0.331771 0.079167 0.004167 0.017593
0 0.335677 0.084259 0.003646 0.012963
0 0.342969 0.106019 0.003646 0.013889
0 0.326042 0.092130 0.006250 0.013889
0 0.339583 0.146759 0.005208 0.017593
0 0.317448 0.193519 0.005729 0.011111
0 0.349479 0.254167 0.005208 0.015741
0 0.362240 0.271759 0.005729 0.017593
0 0.396094 0.432870 0.005729 0.012037
0 0.393750 0.474537 0.004167 0.012037
0 0.453906 0.432870 0.005729 0.013889
0 0.461458 0.499537 0.005208 0.013889
0 0.507031 0.456944 0.004687 0.012037
0 0.509375 0.465741 0.006250 0.011111
0 0.513542 0.461574 0.004167 0.013889
0 0.522396 0.468519 0.005208 0.012963
0 0.510156 0.511111 0.004687 0.011111
0 0.497656 0.517130 0.003646 0.010185
0 0.508854 0.522222 0.005208 0.011111
0 0.368490 0.467593 0.004687 0.016667
0 0.421875 0.543519 0.004167 0.012963
0 0.357812 0.561111 0.004167 0.011111
0 0.366667 0.630556 0.006250 0.011111
0 0.391406 0.674074 0.003646 0.014815
0 0.446615 0.647222 0.005729 0.014815
0 0.557292 0.459722 0.006250 0.012037
0 0.560677 0.471296 0.004687 0.012963
0 0.444531 0.855556 0.005729 0.012963
0 0.534635 0.924537 0.006771 0.013889
0 0.632812 0.423148 0.004167 0.011111
0 0.650521 0.455093 0.006250 0.013889
0 0.648958 0.495833 0.007292 0.015741
0 0.671875 0.469907 0.005208 0.013889
0 0.668490 0.619907 0.004687 0.008333
0 0.670052 0.625463 0.004687 0.008333
0 0.670573 0.631019 0.004687 0.008333
0 0.659635 0.635648 0.005729 0.012037
0 0.662760 0.671296 0.005729 0.011111
0 0.729167 0.436111 0.006250 0.011111
0 0.720313 0.482870 0.007292 0.012037
0 0.714063 0.588889 0.005208 0.011111
0 0.688542 0.556481 0.006250 0.011111
0 0.684896 0.570833 0.006250 0.013889
0 0.687240 0.613426 0.007812 0.012037
0 0.688021 0.624074 0.005208 0.011111
0 0.693750 0.674074 0.006250 0.011111
