0 0.553646 0.571759 0.013542 0.047222
0 0.419792 0.670370 0.008333 0.037037
0 0.410938 0.749074 0.012500 0.035185
0 0.459896 0.707407 0.012500 0.035185
0 0.351823 0.796296 0.015104 0.040741
0 0.473958 0.610185 0.011458 0.040741
0 0.425000 0.546759 0.008333 0.037963
0 0.401823 0.515278 0.006771 0.028704
0 0.493750 0.417593 0.006250 0.020370
0 0.527865 0.418981 0.005729 0.021296
0 0.518490 0.404167 0.006771 0.013889
0 0.513802 0.427315 0.006771 0.013889
0 0.508594 0.408333 0.006771 0.014815
0 0.739844 0.613889 0.010937 0.050000
0 0.730208 0.602778 0.007292 0.033333
0 0.719792 0.598148 0.009375 0.044444
0 0.697135 0.593519 0.009896 0.044444
0 0.683854 0.584259 0.009375 0.044444
0 0.705469 0.612963 0.009896 0.044444
0 0.703646 0.580556 0.009375 0.044444
0 0.762500 0.638889 0.009375 0.044444
0 0.832552 0.584259 0.009896 0.044444
