0 0.914338 0.461438 0.012500 0.041830
0 0.932721 0.462745 0.009559 0.054902
0 0.944118 0.470588 0.010294 0.044444
0 0.962868 0.733333 0.021324 0.067974
0 0.976471 0.733987 0.016176 0.071895
0 0.883456 0.820261 0.025735 0.050980
0 0.708088 0.506536 0.016176 0.037908
0 0.538971 0.580392 0.008824 0.041830
0 0.541544 0.583007 0.009559 0.031373
0 0.219485 0.772549 0.015441 0.057516
0 0.219853 0.705882 0.013235 0.049673
0 0.224265 0.710458 0.011765 0.043137
0 0.012500 0.566013 0.014706 0.067974
0 0.106985 0.235948 0.006618 0.022222
0 0.496324 0.148366 0.002941 0.009150
0 0.549632 0.193464 0.003676 0.015686
0 0.545221 0.210458 0.003676 0.020915
0 0.554779 0.211111 0.011029 0.014379
0 0.570221 0.250327 0.003676 0.022222
0 0.574632 0.250327 0.002206 0.019608
0 0.596324 0.230065 0.004412 0.015686
0 0.576471 0.226144 0.002941 0.013072
0 0.600368 0.260131 0.003676 0.018301
0 0.604412 0.260131 0.004412 0.020915
0 0.596324 0.310458 0.004412 0.027451
0 0.588235 0.308497 0.005882 0.028758
0 0.577206 0.309150 0.005882 0.030065
0 0.566912 0.317647 0.005882 0.028758
0 0.290074 0.313072 0.005147 0.016993
0 0.296691 0.310458 0.008088 0.022222
0 0.183088 0.354248 0.007353 0.033987
0 0.581618 0.357516 0.007353 0.030065
0 0.590441 0.362745 0.005882 0.030065
0 0.593750 0.364706 0.006618 0.031373
0 0.591544 0.357516 0.005147 0.032680
