0 0.499265 0.851634 0.020588 0.058824
0 0.129412 0.965359 0.017647 0.069281
0 0.161397 0.956863 0.027206 0.083660
0 0.162868 0.974510 0.022794 0.050980
0 0.134926 0.473856 0.008088 0.035294
0 0.151471 0.468627 0.008824 0.035294
0 0.184559 0.349020 0.005882 0.026144
0 0.678309 0.733333 0.012500 0.073203
0 0.605147 0.720915 0.014706 0.077124
0 0.645588 0.723529 0.014706 0.061438
0 0.631250 0.692810 0.012500 0.047059
0 0.660294 0.691503 0.014706 0.028758
0 0.688235 0.718301 0.013235 0.074510
0 0.701471 0.680392 0.016176 0.043137
0 0.854412 0.966667 0.016176 0.056209
0 0.895221 0.845098 0.016912 0.082353
0 0.901838 0.842484 0.015441 0.071895
0 0.947426 0.890196 0.021324 0.039216
0 0.968750 0.707843 0.021324 0.058824
0 0.400735 0.430065 0.007353 0.028758
0 0.392279 0.392810 0.006618 0.019608
0 0.391544 0.386275 0.006618 0.019608
0 0.470956 0.523529 0.008088 0.024837
0 0.474632 0.575817 0.008088 0.035294
0 0.599265 0.609804 0.017647 0.048366
0 0.723897 0.686275 0.016912 0.057516
0 0.758088 0.731373 0.014706 0.058824
0 0.771691 0.730065 0.011029 0.056209
0 0.754412 0.726144 0.008824 0.035294
0 0.783824 0.686928 0.020588 0.037908
