0 0.379688 0.360648 0.013542 0.054630
0 0.357552 0.269444 0.008854 0.044444
0 0.127865 0.502315 0.019271 0.071296
0 0.305990 0.840278 0.022396 0.099074
0 0.325260 0.825000 0.027604 0.098148
0 0.389323 0.847222 0.026562 0.098148
0 0.405469 0.836111 0.023438 0.092593
0 0.849219 0.756481 0.021354 0.094444
0 0.975521 0.422222 0.019792 0.059259
0 0.977083 0.346759 0.011458 0.047222
0 0.963542 0.336111 0.010417 0.046296
0 0.931771 0.522685 0.014583 0.067593
0 0.937240 0.617130 0.017188 0.082407
0 0.795573 0.606944 0.020313 0.054630
0 0.817448 0.540278 0.019271 0.052778
0 0.880990 0.404167 0.016146 0.045370
0 0.893229 0.311574 0.012500 0.034259
0 0.922656 0.311111 0.014063 0.037037
0 0.955469 0.310185 0.009896 0.033333
0 0.939844 0.257407 0.009896 0.029630
0 0.972917 0.256019 0.010417 0.032407
0 0.954688 0.230093 0.011458 0.025000
0 0.985417 0.197685 0.011458 0.019444
0 0.960938 0.275463 0.008333 0.032407
0 0.686198 0.271296 0.008854 0.033333
0 0.551302 0.370370 0.015104 0.048148
0 0.510417 0.369907 0.010417 0.034259
0 0.524219 0.289815 0.008854 0.040741
0 0.501302 0.381944 0.009896 0.041667
0 0.463802 0.343056 0.011979 0.052778
0 0.332552 0.438426 0.022396 0.062037
0 0.318750 0.620370 0.015625 0.074074
0 0.278906 0.587963 0.016146 0.059259
0 0.335156 0.695833 0.029687 0.067593
0 0.394531 0.681019 0.016146 0.078704
0 0.414583 0.615741 0.019792 0.075926
0 0.254688 0.667130 0.017708 0.076852
0 0.260677 0.862500 0.026562 0.102778
0 0.186198 0.509722 0.020313 0.052778
0 0.147656 0.448611 0.019271 0.063889
0 0.177344 0.362500 0.013021 0.045370
0 0.198177 0.370370 0.013021 0.050000
0 0.174740 0.233796 0.009896 0.037963
0 0.216146 0.156481 0.006250 0.022222
0 0.203906 0.150000 0.006771 0.022222
0 0.195833 0.152315 0.007292 0.021296
0 0.197396 0.137963 0.006250 0.024074
0 0.202865 0.133796 0.006771 0.028704
0 0.012240 0.419444 0.019271 0.064815
0 0.021615 0.356019 0.010937 0.056481
0 0.014583 0.347685 0.010417 0.056481
0 0.289844 0.675000 0.017188 0.075926
0 0.992969 0.266667 0.008854 0.027778
0 0.994010 0.260185 0.008854 0.033333
0 0.043229 0.254630 0.011458 0.046296
0 0.183854 0.118056 0.006250 0.030556
0 0.174740 0.117130 0.006771 0.032407
0 0.102344 0.241667 0.013021 0.025926
0 0.092188 0.244907 0.013542 0.026852
0 0.085417 0.244907 0.014583 0.026852
0 0.076823 0.246759 0.015104 0.026852
0 0.068229 0.250000 0.013542 0.027778
0 0.061719 0.251389 0.011979 0.032407
0 0.055469 0.252315 0.011979 0.030556
0 0.907552 0.151852 0.006771 0.022222
0 0.853906 0.180093 0.005729 0.023148
0 0.835156 0.188426 0.006771 0.026852
0 0.819271 0.191667 0.008333 0.027778
0 0.893490 0.150926 0.005729 0.029630
0 0.888281 0.150463 0.006771 0.026852
0 0.956250 0.096759 0.005208 0.023148
0 0.936198 0.115278 0.005729 0.025000
0 0.920312 0.303704 0.009375 0.035185
0 0.988021 0.195833 0.007292 0.032407
0 0.965104 0.205556 0.006250 0.029630
