0 0.354779 0.496732 0.002206 0.013072
0 0.235662 0.950980 0.003676 0.019608
0 0.294118 0.936601 0.005882 0.019608
0 0.307721 0.931373 0.005147 0.022222
0 0.414338 0.967320 0.003676 0.020915
0 0.489706 0.939869 0.002941 0.013072
0 0.476103 0.811111 0.003676 0.009150
0 0.485294 0.684967 0.002941 0.013072
0 0.486765 0.664052 0.002941 0.010458
0 0.468015 0.583660 0.002206 0.014379
0 0.477574 0.580392 0.002206 0.015686
0 0.480147 0.581699 0.002941 0.015686
0 0.282721 0.821569 0.002206 0.016993
0 0.458088 0.345752 0.002941 0.009150
0 0.340441 0.616993 0.004412 0.013072
