0 0.876103 0.502614 0.012500 0.061438
0 0.837868 0.477124 0.009559 0.047059
0 0.851103 0.581046 0.015441 0.069281
0 0.893015 0.636601 0.025735 0.062745
0 0.919118 0.667320 0.023529 0.077124
0 0.621324 0.388889 0.014706 0.050980
0 0.504779 0.486928 0.008088 0.056209
0 0.480882 0.362745 0.014706 0.045752
0 0.454779 0.494771 0.011029 0.056209
0 0.409191 0.507190 0.011029 0.062745
0 0.430882 0.505882 0.014706 0.062745
0 0.459926 0.602614 0.018382 0.075817
0 0.464706 0.609804 0.011765 0.071895
0 0.629044 0.152941 0.005147 0.026144
0 0.367647 0.798039 0.017647 0.092810
0 0.348162 0.796732 0.016912 0.090196
0 0.358824 0.949673 0.023529 0.098039
0 0.364338 0.965359 0.018382 0.069281
0 0.250735 0.674510 0.019118 0.086275
0 0.004044 0.340523 0.008088 0.048366
0 0.190809 0.515033 0.022794 0.057516
0 0.170588 0.516340 0.010294 0.057516
0 0.171691 0.496732 0.012500 0.057516
0 0.198529 0.333333 0.008824 0.033987
0 0.190809 0.333987 0.009559 0.045752
0 0.181985 0.330065 0.009559 0.043137
0 0.179412 0.110458 0.005882 0.019608
0 0.200735 0.190850 0.007353 0.028758
0 0.197794 0.167974 0.007353 0.027451
0 0.190809 0.166013 0.005147 0.028758
0 0.187500 0.166013 0.005882 0.026144
0 0.187132 0.285621 0.008088 0.040523
0 0.188603 0.276471 0.003676 0.019608
0 0.131985 0.275163 0.006618 0.043137
0 0.119853 0.274510 0.010294 0.041830
0 0.080882 0.356209 0.010294 0.050980
0 0.088971 0.269281 0.005882 0.039216
0 0.026838 0.256209 0.012500 0.041830
0 0.051838 0.373203 0.011029 0.048366
0 0.068015 0.368627 0.013971 0.047059
0 0.058456 0.348366 0.011029 0.050980
0 0.063971 0.300654 0.013235 0.041830
0 0.152206 0.147059 0.005882 0.024837
0 0.113235 0.157516 0.007353 0.024837
0 0.129044 0.162745 0.005147 0.024837
0 0.135294 0.149020 0.004412 0.023529
0 0.138971 0.166667 0.004412 0.014379
0 0.955515 0.726797 0.025735 0.081046
