0 0.688603 0.647712 0.008088 0.040523
0 0.590074 0.518954 0.008088 0.031373
0 0.230147 0.815033 0.013235 0.027451
0 0.345588 0.752288 0.010294 0.032680
0 0.273162 0.715686 0.009559 0.024837
0 0.137868 0.670588 0.011029 0.023529
0 0.161029 0.673203 0.011765 0.036601
0 0.167279 0.657516 0.009559 0.039216
0 0.174265 0.647712 0.005882 0.019608
0 0.186029 0.656863 0.007353 0.032680
0 0.204044 0.560784 0.008088 0.033987
0 0.362868 0.526797 0.008088 0.023529
0 0.261397 0.330065 0.006618 0.027451
0 0.264706 0.325490 0.007353 0.026144
0 0.283456 0.286275 0.006618 0.026144
0 0.352206 0.315033 0.007353 0.015686
0 0.542647 0.239869 0.005882 0.024837
0 0.433456 0.247712 0.005147 0.022222
0 0.359191 0.217647 0.006618 0.014379
0 0.361397 0.216340 0.008088 0.016993
0 0.333456 0.207190 0.008088 0.024837
0 0.258088 0.179739 0.005882 0.024837
0 0.359559 0.193464 0.005882 0.020915
0 0.353676 0.186928 0.005882 0.020915
0 0.357353 0.186275 0.004412 0.019608
0 0.375000 0.148366 0.005882 0.024837
0 0.379412 0.148366 0.004412 0.024837
0 0.383824 0.150327 0.004412 0.018301
0 0.383088 0.128105 0.005882 0.018301
0 0.298897 0.047059 0.006618 0.015686
0 0.245588 0.034641 0.005882 0.016993
0 0.333824 0.033987 0.005882 0.020915
