0 0.264323 0.730556 0.021354 0.137037
0 0.143490 0.784722 0.044271 0.180556
0 0.080469 0.827315 0.057813 0.217593
0 0.606771 0.552315 0.007292 0.025000
0 0.779167 0.920833 0.062500 0.158333
0 0.833854 0.832870 0.033333 0.176852
0 0.821354 0.653704 0.016667 0.062963
0 0.759375 0.669444 0.017708 0.075926
0 0.718750 0.692130 0.019792 0.067593
0 0.727604 0.675000 0.016667 0.066667
0 0.695052 0.680556 0.027604 0.087037
0 0.664844 0.688426 0.025521 0.089815
0 0.589323 0.635185 0.023438 0.077778
0 0.590625 0.643981 0.020833 0.058333
0 0.690365 0.632870 0.017188 0.058333
0 0.676562 0.622685 0.015625 0.049074
0 0.824479 0.602778 0.013542 0.042593
0 0.692708 0.566204 0.008333 0.036111
0 0.506510 0.615741 0.016146 0.072222
0 0.531250 0.620833 0.020833 0.082407
0 0.490885 0.571759 0.010937 0.032407
0 0.526563 0.575000 0.011458 0.042593
0 0.542448 0.577315 0.010937 0.032407
0 0.537760 0.561111 0.007812 0.027778
0 0.624740 0.590741 0.009896 0.046296
