0 0.573438 0.463426 0.009375 0.030556
0 0.603906 0.520370 0.008854 0.044444
0 0.577344 0.490278 0.006771 0.025000
0 0.020573 0.552778 0.009896 0.038889
0 0.035417 0.527778 0.011458 0.037037
0 0.064844 0.550000 0.008854 0.042593
0 0.069010 0.502778 0.009896 0.038889
0 0.018490 0.507870 0.009896 0.021296
0 0.096094 0.512037 0.008854 0.038889
0 0.103385 0.510648 0.007812 0.041667
0 0.100781 0.465741 0.007812 0.031481
0 0.126042 0.477778 0.006250 0.024074
0 0.079948 0.457870 0.007812 0.025000
0 0.187240 0.440741 0.006771 0.031481
0 0.193229 0.438889 0.007292 0.031481
0 0.190365 0.413889 0.005729 0.025926
0 0.196615 0.412963 0.005729 0.025926
0 0.216667 0.388889 0.005208 0.027778
0 0.227344 0.375926 0.005729 0.022222
0 0.242448 0.379167 0.006771 0.025000
0 0.252083 0.378241 0.005208 0.025000
0 0.257031 0.362500 0.005729 0.023148
0 0.243490 0.327315 0.005729 0.021296
0 0.274219 0.334722 0.004687 0.019444
0 0.209115 0.512037 0.005729 0.035185
0 0.163281 0.514352 0.009896 0.028704
0 0.197656 0.465278 0.006771 0.025000
0 0.221875 0.389352 0.006250 0.023148
0 0.221094 0.378704 0.005729 0.022222
0 0.250000 0.326389 0.004167 0.021296
0 0.252344 0.327315 0.004687 0.019444
0 0.256250 0.318056 0.005208 0.021296
0 0.888281 0.944444 0.019271 0.048148
0 0.931771 0.980556 0.019792 0.038889
0 0.954688 0.985648 0.016667 0.028704
0 0.795573 0.772222 0.011979 0.042593
0 0.834635 0.531019 0.007812 0.036111
0 0.842969 0.530556 0.006771 0.037037
0 0.778646 0.451389 0.007292 0.032407
0 0.786719 0.454167 0.006771 0.032407
0 0.666667 0.556944 0.008333 0.021296
0 0.687760 0.555556 0.009896 0.022222
0 0.633073 0.438889 0.007812 0.027778
0 0.633073 0.487500 0.006771 0.030556
0 0.647656 0.509259 0.005729 0.027778
0 0.612500 0.428241 0.005208 0.023148
0 0.617188 0.446296 0.006250 0.020370
0 0.957552 0.651852 0.011979 0.050000
0 0.024479 0.594444 0.012500 0.038889
0 0.606510 0.393981 0.004687 0.023148
0 0.610938 0.370833 0.004167 0.021296
0 0.601302 0.370833 0.005729 0.025000
0 0.591146 0.400000 0.005208 0.022222
0 0.602344 0.339352 0.004687 0.019444
0 0.604427 0.334259 0.003646 0.016667
0 0.591927 0.368981 0.005729 0.013889
0 0.589844 0.334259 0.003646 0.022222
0 0.595833 0.330093 0.004167 0.012037
0 0.592708 0.341204 0.006250 0.013889
0 0.550000 0.374074 0.004167 0.016667
0 0.540625 0.372222 0.005208 0.014815
0 0.552344 0.341204 0.004687 0.021296
0 0.563542 0.337963 0.004167 0.022222
0 0.552083 0.354630 0.005208 0.014815
0 0.571354 0.331481 0.003125 0.018519
0 0.574740 0.331481 0.003646 0.018519
0 0.580208 0.330556 0.004167 0.020370
0 0.571094 0.343056 0.004687 0.015741
0 0.572917 0.315278 0.003125 0.015741
0 0.575781 0.314815 0.003646 0.016667
0 0.749740 0.420370 0.006771 0.027778
0 0.754687 0.429167 0.005208 0.025000
0 0.667188 0.386574 0.007292 0.017593
0 0.686458 0.388426 0.005208 0.025000
0 0.682552 0.389352 0.005729 0.023148
0 0.674740 0.403704 0.004687 0.020370
0 0.678385 0.400000 0.005729 0.025926
0 0.744792 0.907870 0.016667 0.075000
0 0.747396 0.924537 0.014583 0.075000
0 0.771875 0.969907 0.016667 0.060185
0 0.794010 0.964352 0.019271 0.067593
0 0.127083 0.513889 0.008333 0.027778
0 0.087240 0.405556 0.007812 0.029630
0 0.099740 0.404167 0.007812 0.026852
0 0.269531 0.307407 0.003646 0.018519
0 0.272656 0.305556 0.004687 0.020370
0 0.278646 0.302778 0.004167 0.020370
0 0.285156 0.331019 0.004687 0.019444
0 0.280729 0.331481 0.004167 0.020370
0 0.300260 0.282407 0.004687 0.016667
0 0.283333 0.303704 0.004167 0.018519
0 0.285417 0.301852 0.004167 0.018519
0 0.289062 0.297685 0.004167 0.012037
0 0.314063 0.276852 0.003125 0.012963
0 0.311198 0.277778 0.003646 0.012963
0 0.304688 0.311111 0.004167 0.018519
0 0.312760 0.314352 0.003646 0.015741
0 0.307292 0.312500 0.003125 0.017593
0 0.322917 0.311574 0.004167 0.015741
0 0.313542 0.299537 0.005208 0.015741
0 0.325521 0.286574 0.003125 0.015741
0 0.332292 0.312037 0.004167 0.014815
0 0.329427 0.312500 0.003646 0.013889
0 0.353646 0.293056 0.004167 0.013889
0 0.366406 0.294444 0.003646 0.014815
0 0.364323 0.273148 0.003646 0.016667
0 0.382031 0.236111 0.003646 0.012963
0 0.361458 0.284259 0.003125 0.012963
0 0.358333 0.294907 0.003125 0.013889
