0 0.301471 0.936601 0.005882 0.027451
0 0.442647 0.896732 0.007353 0.026144
0 0.564338 0.726144 0.003676 0.022222
0 0.501838 0.639216 0.002206 0.015686
0 0.497426 0.638562 0.003676 0.019608
0 0.390809 0.577124 0.002206 0.019608
0 0.408088 0.571895 0.002941 0.016993
0 0.453676 0.567320 0.002941 0.015686
0 0.412868 0.532680 0.003676 0.014379
0 0.417647 0.480392 0.002941 0.009150
0 0.422426 0.505229 0.002206 0.011765
0 0.426103 0.459477 0.002206 0.011765
0 0.477941 0.460131 0.001471 0.010458
0 0.475735 0.460131 0.001471 0.007843
0 0.499632 0.458824 0.002206 0.007843
0 0.496691 0.459477 0.002206 0.009150
0 0.484559 0.461438 0.002941 0.010458
