0 0.546691 0.966667 0.005147 0.011765
0 0.563603 0.721569 0.005147 0.010458
0 0.561029 0.730719 0.005882 0.010458
0 0.413603 0.622222 0.006618 0.015686
0 0.323162 0.575163 0.005147 0.010458
0 0.312868 0.555556 0.006618 0.007843
0 0.332353 0.548366 0.005882 0.009150
0 0.338971 0.547059 0.005882 0.009150
0 0.400000 0.406536 0.005882 0.010458
0 0.404779 0.364706 0.005147 0.013072
0 0.377574 0.348366 0.006618 0.011765
0 0.393750 0.273203 0.005147 0.013072
0 0.442279 0.281699 0.006618 0.014379
0 0.480147 0.335294 0.007353 0.011765
0 0.465074 0.307843 0.005147 0.009150
0 0.465074 0.301307 0.005147 0.011765
0 0.508824 0.256863 0.007353 0.011765
0 0.544118 0.273856 0.007353 0.011765
0 0.539338 0.249020 0.005147 0.016993
0 0.477206 0.280392 0.004412 0.016993
0 0.477206 0.271895 0.005882 0.013072
0 0.539706 0.183007 0.005882 0.013072
0 0.472794 0.212418 0.004412 0.014379
0 0.476103 0.213725 0.003676 0.011765
0 0.406618 0.232680 0.005882 0.015686
0 0.408088 0.137255 0.005882 0.015686
0 0.388235 0.114379 0.004412 0.009150
0 0.394485 0.083660 0.005147 0.013072
0 0.406985 0.045098 0.005147 0.011765
