0 0.365104 0.165278 0.003125 0.012037
0 0.351823 0.168519 0.002604 0.011111
0 0.358073 0.168981 0.003646 0.012037
0 0.361458 0.173611 0.003125 0.012037
0 0.365885 0.181019 0.002604 0.012037
0 0.405208 0.225000 0.004167 0.020370
0 0.302604 0.190278 0.005208 0.017593
0 0.495573 0.296296 0.004687 0.022222
0 0.466667 0.268981 0.003125 0.017593
0 0.563281 0.359259 0.004687 0.020370
0 0.558073 0.370370 0.004687 0.024074
0 0.377865 0.186574 0.002604 0.013889
0 0.388802 0.194907 0.002604 0.015741
0 0.385417 0.197222 0.003125 0.016667
0 0.383594 0.179167 0.003646 0.017593
0 0.375000 0.168519 0.004167 0.014815
0 0.414323 0.142593 0.002604 0.012963
0 0.425781 0.144444 0.002604 0.012963
0 0.432292 0.147222 0.003125 0.012963
0 0.420833 0.150000 0.002083 0.014815
0 0.575260 0.388889 0.005729 0.025926
0 0.573177 0.388426 0.003646 0.025000
0 0.585938 0.415278 0.006250 0.026852
0 0.922656 0.731944 0.014063 0.049074
0 0.845313 0.677315 0.015625 0.041667
0 0.864844 0.662037 0.018229 0.040741
0 0.788281 0.602778 0.011979 0.046296
0 0.740885 0.571759 0.011979 0.034259
0 0.719792 0.534259 0.013542 0.033333
0 0.701042 0.533333 0.008333 0.022222
0 0.689063 0.499537 0.008333 0.032407
