0 0.794118 0.569935 0.022059 0.078431
0 0.838971 0.553595 0.016176 0.071895
0 0.721324 0.595425 0.022059 0.064052
0 0.437132 0.489542 0.013971 0.058824
0 0.417647 0.358170 0.008824 0.036601
0 0.683456 0.479739 0.012500 0.060131
0 0.585294 0.480392 0.010294 0.043137
0 0.604412 0.489542 0.010294 0.050980
0 0.614706 0.486275 0.010294 0.060131
0 0.491544 0.274510 0.005147 0.026144
0 0.649265 0.320915 0.005882 0.032680
0 0.648162 0.315686 0.005147 0.014379
0 0.258824 0.277124 0.007353 0.023529
0 0.293015 0.216340 0.005147 0.014379
0 0.803676 0.398693 0.010294 0.044444
0 0.790074 0.388235 0.011029 0.039216
0 0.768750 0.391503 0.008088 0.037908
0 0.786029 0.355556 0.005882 0.033987
0 0.734559 0.328105 0.007353 0.031373
0 0.680147 0.358824 0.005882 0.037908
0 0.686029 0.359477 0.005882 0.036601
0 0.743750 0.376471 0.008088 0.033987
0 0.737868 0.372549 0.006618 0.028758
0 0.733824 0.367974 0.008824 0.030065
0 0.725368 0.366013 0.006618 0.033987
0 0.718382 0.365359 0.005882 0.037908
0 0.711029 0.362092 0.007353 0.039216
0 0.714706 0.362092 0.008824 0.036601
0 0.770588 0.343137 0.007353 0.032680
0 0.692647 0.335948 0.010294 0.028758
0 0.704779 0.336601 0.006618 0.030065
0 0.709191 0.297386 0.006618 0.027451
0 0.718750 0.294771 0.009559 0.030065
0 0.725735 0.293464 0.005882 0.027451
0 0.730882 0.296078 0.004412 0.022222
0 0.731985 0.290850 0.006618 0.030065
0 0.738235 0.292810 0.005882 0.028758
0 0.744118 0.294118 0.005882 0.028758
0 0.756618 0.292157 0.005882 0.022222
0 0.843750 0.322876 0.008088 0.028758
0 0.908456 0.292157 0.006618 0.027451
0 0.902206 0.290196 0.004412 0.028758
0 0.895956 0.290196 0.006618 0.026144
0 0.875735 0.291503 0.007353 0.023529
0 0.869853 0.288889 0.005882 0.026144
0 0.868015 0.288889 0.005147 0.023529
0 0.883088 0.292157 0.004412 0.024837
0 0.887132 0.291503 0.005147 0.028758
0 0.770221 0.279739 0.006618 0.028758
0 0.775735 0.211111 0.004412 0.011765
0 0.781250 0.209804 0.003676 0.011765
0 0.806250 0.213072 0.003676 0.013072
0 0.811029 0.208497 0.004412 0.014379
0 0.919853 0.209150 0.004412 0.015686
0 0.914338 0.209150 0.003676 0.015686
0 0.558824 0.268627 0.005882 0.024837
0 0.171324 0.424183 0.010294 0.037908
0 0.201838 0.435294 0.008088 0.039216
0 0.191912 0.428105 0.007353 0.040523
0 0.187868 0.422222 0.006618 0.020915
0 0.197426 0.429412 0.006618 0.016993
0 0.086397 0.455556 0.019853 0.061438
0 0.076838 0.442484 0.011029 0.037908
0 0.552941 0.268627 0.005882 0.024837
0 0.528309 0.213072 0.003676 0.015686
0 0.536029 0.216340 0.002941 0.014379
0 0.534559 0.215686 0.002941 0.013072
0 0.543015 0.201961 0.003676 0.014379
0 0.533456 0.195425 0.003676 0.011765
0 0.537132 0.194771 0.003676 0.010458
0 0.617279 0.219608 0.003676 0.015686
0 0.608088 0.218301 0.004412 0.010458
0 0.603676 0.228105 0.004412 0.019608
0 0.644853 0.266667 0.005882 0.026144
0 0.656250 0.296732 0.006618 0.028758
0 0.654779 0.292157 0.003676 0.014379
0 0.976103 0.283660 0.006618 0.026144
