0 0.825000 0.467320 0.011765 0.050980
0 0.739706 0.293464 0.008824 0.048366
0 0.750368 0.039869 0.005147 0.027451
0 0.620588 0.313072 0.008824 0.032680
0 0.638235 0.137908 0.005882 0.030065
0 0.559926 0.033987 0.005147 0.028758
0 0.657353 0.100654 0.005882 0.028758
0 0.650000 0.102614 0.005882 0.032680
0 0.632721 0.054248 0.006618 0.030065
0 0.644118 0.079085 0.005882 0.035294
0 0.430515 0.109804 0.006618 0.028758
0 0.484559 0.036601 0.005882 0.023529
0 0.153309 0.012418 0.006618 0.024837
0 0.159559 0.010458 0.005882 0.020915
0 0.264706 0.343137 0.007353 0.048366
0 0.262500 0.341176 0.005882 0.028758
0 0.279044 0.311765 0.006618 0.043137
0 0.327574 0.609804 0.012500 0.061438
0 0.308824 0.607190 0.016176 0.061438
0 0.013603 0.952288 0.027206 0.074510
0 0.043382 0.224183 0.011765 0.043137
0 0.048529 0.186275 0.011765 0.045752
