0 0.806618 0.465359 0.014706 0.049673
0 0.214706 0.347059 0.010294 0.040523
0 0.338235 0.174510 0.007353 0.030065
0 0.192647 0.408497 0.010294 0.040523
0 0.282721 0.815686 0.016912 0.070588
0 0.558456 0.487582 0.011029 0.044444
0 0.233824 0.298039 0.005882 0.023529
0 0.361397 0.201307 0.008088 0.018301
0 0.076471 0.300654 0.008824 0.033987
0 0.521324 0.145098 0.002941 0.018301
0 0.529044 0.143791 0.005147 0.026144
0 0.211397 0.130719 0.006618 0.023529
0 0.420956 0.051634 0.003676 0.014379
0 0.418382 0.043137 0.002941 0.013072
