0 0.168750 0.750327 0.018382 0.049673
0 0.284559 0.414379 0.007353 0.039216
0 0.286029 0.403922 0.004412 0.018301
0 0.006618 0.408497 0.011765 0.040523
0 0.159559 0.348366 0.007353 0.032680
0 0.168382 0.348366 0.008824 0.032680
0 0.126838 0.305229 0.008088 0.030065
0 0.155147 0.310458 0.007353 0.022222
0 0.162868 0.306536 0.008088 0.030065
0 0.310294 0.335294 0.007353 0.024837
0 0.316912 0.333987 0.005882 0.030065
0 0.321691 0.328105 0.005147 0.026144
0 0.317647 0.324837 0.005882 0.024837
0 0.563603 0.345098 0.006618 0.015686
0 0.681618 0.428758 0.007353 0.031373
0 0.700735 0.426144 0.010294 0.028758
0 0.624265 0.337908 0.007353 0.027451
0 0.630882 0.339216 0.005882 0.027451
0 0.630882 0.332680 0.005882 0.024837
0 0.532353 0.279739 0.005882 0.018301
0 0.435662 0.281699 0.005147 0.019608
0 0.459191 0.231373 0.005147 0.015686
0 0.606618 0.202614 0.002941 0.015686
0 0.532721 0.184967 0.003676 0.011765
