0 0.990365 0.704630 0.015104 0.053704
0 0.940625 0.739352 0.013542 0.054630
0 0.920052 0.711111 0.010937 0.048148
0 0.938021 0.660648 0.011458 0.045370
0 0.968229 0.646759 0.011458 0.037963
0 0.974740 0.623148 0.009896 0.040741
0 0.954427 0.604167 0.008854 0.041667
0 0.910937 0.624074 0.007292 0.042593
0 0.905990 0.626852 0.008854 0.042593
0 0.879167 0.638426 0.008333 0.041667
0 0.885938 0.639352 0.008333 0.041667
0 0.851562 0.585648 0.010417 0.037963
0 0.834896 0.574074 0.008333 0.035185
0 0.710677 0.614815 0.009896 0.040741
0 0.700260 0.597222 0.009896 0.024074
0 0.729167 0.502315 0.008333 0.034259
0 0.742708 0.508796 0.007292 0.032407
0 0.642708 0.411111 0.005208 0.022222
0 0.731510 0.735185 0.013021 0.042593
0 0.707031 0.695833 0.010937 0.036111
0 0.662500 0.647685 0.008333 0.043519
0 0.656771 0.638426 0.009375 0.037963
0 0.661979 0.624537 0.008333 0.041667
0 0.654167 0.616667 0.008333 0.035185
0 0.640104 0.617593 0.007292 0.046296
0 0.621094 0.612500 0.008854 0.041667
0 0.637760 0.613426 0.008854 0.037963
0 0.391146 0.648148 0.010417 0.042593
0 0.404427 0.635648 0.009896 0.036111
0 0.278646 0.299074 0.003125 0.014815
0 0.300521 0.338889 0.004167 0.016667
0 0.322656 0.353241 0.004687 0.017593
0 0.281771 0.306019 0.003125 0.013889
0 0.272917 0.312500 0.003125 0.015741
0 0.261198 0.319907 0.003646 0.015741
0 0.258333 0.325463 0.004167 0.017593
0 0.251563 0.334259 0.004167 0.016667
0 0.248438 0.334259 0.004167 0.020370
0 0.267448 0.347685 0.003646 0.015741
0 0.271094 0.361111 0.004687 0.020370
0 0.266406 0.361574 0.004687 0.021296
0 0.282292 0.369907 0.004167 0.012037
0 0.258333 0.365278 0.004167 0.019444
0 0.245833 0.388889 0.005208 0.020370
0 0.246094 0.371296 0.004687 0.022222
0 0.237240 0.377778 0.004687 0.020370
0 0.226042 0.385185 0.004167 0.022222
0 0.214062 0.502778 0.006250 0.031481
0 0.204167 0.531481 0.008333 0.029630
0 0.208073 0.402315 0.004687 0.023148
0 0.196875 0.416667 0.006250 0.024074
0 0.205990 0.411574 0.005729 0.026852
0 0.164583 0.382407 0.005208 0.022222
0 0.163021 0.407870 0.006250 0.023148
0 0.189062 0.437963 0.006250 0.025926
0 0.169271 0.452778 0.005208 0.025926
0 0.172135 0.431481 0.005729 0.022222
0 0.167187 0.443981 0.006250 0.026852
0 0.177604 0.450463 0.005208 0.019444
0 0.177604 0.433333 0.005208 0.022222
0 0.181510 0.434722 0.005729 0.025000
0 0.155990 0.465741 0.006771 0.029630
0 0.141146 0.440741 0.006250 0.024074
0 0.131510 0.439815 0.006771 0.016667
0 0.107552 0.491204 0.006771 0.032407
0 0.115365 0.484259 0.006771 0.033333
0 0.128125 0.472222 0.005208 0.027778
0 0.138542 0.482870 0.005208 0.028704
0 0.132552 0.484259 0.007812 0.031481
0 0.141927 0.502778 0.005729 0.031481
0 0.146875 0.507407 0.007292 0.031481
0 0.077344 0.485648 0.006771 0.019444
0 0.085156 0.485185 0.009896 0.020370
0 0.060937 0.548148 0.010417 0.033333
0 0.036979 0.545833 0.009375 0.037963
0 0.007552 0.537963 0.007812 0.031481
0 0.007552 0.560185 0.011979 0.027778
0 0.029167 0.575000 0.010417 0.040741
0 0.038021 0.576852 0.009375 0.038889
0 0.046354 0.573611 0.008333 0.039815
0 0.050781 0.585185 0.009896 0.040741
0 0.059115 0.585648 0.007812 0.037963
0 0.064583 0.589815 0.009375 0.038889
0 0.090104 0.605093 0.007292 0.039815
0 0.179167 0.534722 0.008333 0.025000
0 0.170833 0.523148 0.006250 0.022222
0 0.025781 0.604167 0.011979 0.030556
0 0.005469 0.636111 0.010937 0.046296
0 0.033073 0.636574 0.009896 0.041667
0 0.044792 0.628241 0.009375 0.045370
0 0.115104 0.575463 0.007292 0.036111
0 0.052083 0.619444 0.010417 0.025926
0 0.058333 0.624074 0.008333 0.040741
0 0.061719 0.660185 0.010937 0.042593
0 0.068229 0.647685 0.008333 0.043519
0 0.066146 0.631944 0.007292 0.036111
0 0.069792 0.624074 0.005208 0.033333
0 0.073958 0.674074 0.010417 0.029630
0 0.045573 0.682407 0.014063 0.044444
0 0.038542 0.704167 0.014583 0.037963
0 0.112760 0.611574 0.009896 0.034259
0 0.098177 0.625000 0.009896 0.025926
0 0.110677 0.657870 0.009896 0.026852
0 0.128385 0.643056 0.010937 0.043519
0 0.120052 0.588889 0.009896 0.038889
0 0.173177 0.590278 0.006771 0.037963
0 0.161719 0.580093 0.008854 0.036111
0 0.165625 0.586111 0.007292 0.033333
0 0.135156 0.582870 0.010937 0.025000
0 0.160938 0.636111 0.006250 0.040741
0 0.170313 0.630556 0.006250 0.040741
0 0.164844 0.639815 0.007812 0.038889
0 0.163802 0.621296 0.006771 0.031481
0 0.148438 0.609259 0.008333 0.027778
0 0.149219 0.591667 0.006771 0.027778
0 0.159375 0.608796 0.008333 0.034259
0 0.154167 0.626852 0.008333 0.040741
0 0.149479 0.622685 0.008333 0.039815
0 0.141927 0.631944 0.006771 0.030556
0 0.143229 0.652778 0.011458 0.035185
0 0.132812 0.625000 0.008333 0.035185
0 0.136719 0.610185 0.008854 0.029630
0 0.139323 0.627315 0.006771 0.032407
0 0.109896 0.470370 0.006250 0.027778
