0 0.614706 0.062092 0.002941 0.011765
0 0.596691 0.080392 0.002206 0.006536
0 0.511397 0.166667 0.002206 0.009150
0 0.473897 0.192810 0.003676 0.016993
0 0.476471 0.247059 0.017647 0.023529
0 0.461029 0.242484 0.017647 0.024837
0 0.492279 0.327451 0.003676 0.016993
0 0.434191 0.612418 0.006618 0.030065
0 0.447426 0.609150 0.005147 0.026144
0 0.331618 0.588889 0.045588 0.040523
0 0.351471 0.317647 0.004412 0.020915
0 0.324632 0.302614 0.005147 0.009150
0 0.308824 0.276471 0.002941 0.014379
0 0.305147 0.279085 0.002941 0.009150
0 0.337132 0.339216 0.003676 0.011765
0 0.334559 0.339216 0.002941 0.014379
0 0.086765 0.429412 0.005882 0.024837
