0 0.448529 0.205229 0.002941 0.010458
0 0.504412 0.267974 0.002941 0.013072
0 0.438603 0.292810 0.003676 0.013072
0 0.420956 0.338562 0.003676 0.015686
0 0.422059 0.332026 0.004412 0.018301
0 0.102206 0.572549 0.011765 0.054902
0 0.278676 0.517647 0.008824 0.047059
0 0.308824 0.451634 0.008824 0.043137
0 0.306618 0.401307 0.007353 0.036601
0 0.364706 0.278431 0.004412 0.018301
0 0.361029 0.294771 0.004412 0.022222
0 0.355515 0.295425 0.005147 0.018301
0 0.527941 0.299346 0.004412 0.020915
0 0.489338 0.308497 0.003676 0.013072
0 0.712132 0.850327 0.021324 0.074510
0 0.606250 0.630065 0.013971 0.036601
0 0.605515 0.615033 0.012500 0.040523
0 0.588235 0.435948 0.008824 0.037908
0 0.569853 0.436601 0.005882 0.018301
0 0.562132 0.430719 0.009559 0.037908
0 0.545588 0.383007 0.004412 0.033987
0 0.526103 0.375163 0.006618 0.015686
0 0.534926 0.347712 0.006618 0.018301
0 0.549632 0.354248 0.006618 0.023529
0 0.688603 0.294771 0.006618 0.027451
0 0.666544 0.284314 0.005147 0.019608
0 0.673897 0.281699 0.005147 0.019608
0 0.880515 0.704575 0.018382 0.081046
0 0.933456 0.845752 0.019853 0.083660
0 0.950735 0.850980 0.017647 0.070588
0 0.961397 0.839869 0.012500 0.061438
0 0.976103 0.828758 0.016912 0.078431
0 0.976471 0.852941 0.014706 0.084967
0 0.972426 0.560131 0.012500 0.061438
0 0.949265 0.486928 0.008824 0.053595
0 0.959559 0.484314 0.010294 0.045752
