0 0.447794 0.076471 0.004412 0.011765
0 0.512500 0.035294 0.002941 0.015686
0 0.514338 0.050980 0.002206 0.015686
0 0.507721 0.048366 0.002206 0.015686
0 0.499632 0.030719 0.002206 0.009150
0 0.511765 0.077778 0.004412 0.016993
0 0.515074 0.081699 0.003676 0.019608
0 0.518382 0.077778 0.002941 0.016993
0 0.507353 0.158170 0.004412 0.018301
0 0.513603 0.150327 0.003676 0.020915
0 0.552941 0.327451 0.005882 0.035294
0 0.546691 0.361438 0.008088 0.032680
0 0.639338 0.743137 0.015441 0.066667
0 0.616544 0.830719 0.016912 0.045752
0 0.618750 0.850327 0.016912 0.043137
