0 0.404412 0.007190 0.005882 0.014379
0 0.483456 0.103922 0.003676 0.016993
0 0.487500 0.105882 0.002941 0.013072
0 0.375735 0.086275 0.004412 0.013072
0 0.409191 0.159477 0.005147 0.013072
0 0.377206 0.154248 0.035294 0.023529
0 0.395956 0.177124 0.005147 0.014379
0 0.395588 0.160784 0.004412 0.013072
0 0.401838 0.226797 0.003676 0.009150
0 0.479412 0.167320 0.005882 0.015686
0 0.478676 0.218301 0.004412 0.013072
0 0.422794 0.239216 0.005882 0.018301
0 0.323162 0.289542 0.008088 0.009150
0 0.342647 0.281046 0.004412 0.013072
0 0.346691 0.275163 0.005147 0.011765
0 0.421691 0.652288 0.005147 0.013072
0 0.540809 0.673203 0.005147 0.013072
0 0.551471 0.685621 0.005882 0.009150
0 0.517647 0.792810 0.005882 0.011765
0 0.640074 0.852288 0.006618 0.013072
0 0.950000 0.953595 0.005882 0.009150
0 0.837132 0.842484 0.008088 0.009150
0 0.813235 0.860784 0.007353 0.011765
0 0.802206 0.839216 0.008824 0.007843
0 0.794118 0.830719 0.007353 0.009150
0 0.790441 0.838562 0.007353 0.009150
0 0.791544 0.845098 0.008088 0.011765
0 0.528309 0.901307 0.005147 0.011765
0 0.508456 0.837255 0.005147 0.011765
0 0.506250 0.845752 0.005147 0.010458
0 0.357353 0.982353 0.005882 0.014379
0 0.308824 0.994771 0.005882 0.007843
