0 0.534559 0.324837 0.004412 0.019608
0 0.643750 0.513725 0.009559 0.044444
0 0.645588 0.521569 0.005882 0.041830
0 0.650735 0.523529 0.008824 0.037908
0 0.775735 0.378431 0.008824 0.027451
0 0.713235 0.458170 0.007353 0.035294
0 0.794118 0.403268 0.005882 0.030065
0 0.784926 0.401961 0.006618 0.030065
0 0.785662 0.398039 0.006618 0.030065
0 0.764338 0.433987 0.008088 0.036601
0 0.752206 0.431373 0.007353 0.031373
0 0.734926 0.428105 0.006618 0.030065
0 0.745221 0.430719 0.006618 0.032680
0 0.741544 0.428105 0.006618 0.032680
0 0.780515 0.438562 0.006618 0.032680
0 0.781250 0.435294 0.009559 0.033987
0 0.725735 0.484314 0.010294 0.043137
0 0.794118 0.473203 0.008824 0.041830
0 0.786029 0.475163 0.008824 0.040523
0 0.788971 0.510458 0.008824 0.048366
0 0.753676 0.497386 0.008824 0.035294
0 0.769118 0.494771 0.008824 0.045752
0 0.763971 0.481699 0.007353 0.037908
0 0.769853 0.479739 0.008824 0.039216
0 0.756618 0.537908 0.011765 0.050980
0 0.787868 0.552941 0.009559 0.047059
0 0.710662 0.530065 0.011029 0.048366
0 0.721691 0.528758 0.011029 0.043137
0 0.686397 0.560131 0.009559 0.045752
0 0.971324 0.555556 0.019118 0.096732
0 0.891544 0.572549 0.011029 0.062745
0 0.905147 0.556863 0.013235 0.067974
0 0.913235 0.566667 0.010294 0.066667
0 0.899632 0.618301 0.022794 0.099346
0 0.912500 0.624183 0.026471 0.113725
0 0.844485 0.679739 0.024265 0.109804
0 0.844485 0.849020 0.027206 0.079739
0 0.786029 0.832680 0.019118 0.091503
0 0.818015 0.818301 0.009559 0.088889
0 0.552206 0.667974 0.023529 0.122876
0 0.688971 0.682353 0.038235 0.104575
0 0.763603 0.633333 0.027206 0.105882
0 0.743382 0.618301 0.027941 0.104575
0 0.709559 0.632680 0.027941 0.109804
0 0.661397 0.601307 0.025735 0.101961
0 0.652941 0.597386 0.029412 0.094118
0 0.405882 0.647712 0.019118 0.118954
0 0.416176 0.635294 0.017647 0.117647
0 0.358456 0.664052 0.018382 0.117647
0 0.363235 0.659477 0.019118 0.111111
0 0.326471 0.639216 0.029412 0.122876
0 0.334926 0.614379 0.037500 0.125490
0 0.260662 0.603268 0.036029 0.124183
0 0.094853 0.605882 0.029412 0.124183
0 0.162132 0.571895 0.021324 0.111111
0 0.175368 0.626144 0.025735 0.107190
0 0.054779 0.566013 0.044853 0.115033
0 0.018015 0.570588 0.025735 0.113725
0 0.120221 0.523529 0.009559 0.050980
0 0.167647 0.443137 0.007353 0.039216
0 0.134191 0.496078 0.013971 0.048366
0 0.096691 0.507843 0.009559 0.048366
0 0.029412 0.526797 0.010294 0.054902
0 0.105147 0.442484 0.008824 0.037908
0 0.079044 0.456209 0.008088 0.026144
0 0.130515 0.441830 0.009559 0.039216
0 0.138603 0.438562 0.008088 0.043137
0 0.138971 0.416340 0.008824 0.037908
0 0.134926 0.382353 0.006618 0.037908
0 0.077206 0.362745 0.007353 0.022222
0 0.080882 0.356209 0.004412 0.024837
0 0.084191 0.361438 0.005147 0.014379
0 0.056985 0.400000 0.011029 0.028758
0 0.059559 0.397386 0.007353 0.033987
0 0.069118 0.395425 0.005882 0.035294
0 0.073162 0.403922 0.006618 0.039216
0 0.078309 0.407190 0.008088 0.035294
0 0.143015 0.359477 0.006618 0.028758
0 0.147794 0.373203 0.005882 0.027451
0 0.152574 0.370588 0.006618 0.030065
0 0.156250 0.360131 0.005147 0.027451
0 0.151471 0.362745 0.005882 0.027451
0 0.223529 0.391503 0.007353 0.030065
0 0.243015 0.386275 0.006618 0.024837
0 0.313971 0.326797 0.005882 0.026144
0 0.256250 0.345098 0.005147 0.026144
0 0.251471 0.343791 0.004412 0.023529
0 0.233824 0.330719 0.005882 0.023529
0 0.226103 0.328758 0.005147 0.024837
0 0.229779 0.322222 0.005147 0.022222
0 0.218382 0.305882 0.002941 0.023529
0 0.222426 0.305229 0.003676 0.022222
0 0.226471 0.307843 0.004412 0.024837
0 0.278309 0.319608 0.005147 0.024837
0 0.256985 0.313725 0.003676 0.023529
0 0.259926 0.313072 0.005147 0.022222
0 0.303309 0.320261 0.003676 0.020915
0 0.305882 0.317647 0.004412 0.020915
0 0.311029 0.318954 0.005882 0.023529
0 0.294118 0.320915 0.002941 0.022222
0 0.288971 0.320261 0.004412 0.023529
0 0.277574 0.306536 0.003676 0.022222
0 0.280882 0.308497 0.004412 0.020915
0 0.284191 0.310458 0.003676 0.022222
