0 0.230208 0.819444 0.011458 0.031481
0 0.128385 0.635185 0.008854 0.035185
0 0.049740 0.666667 0.011979 0.037037
0 0.685156 0.779167 0.008854 0.043519
0 0.617969 0.542130 0.005729 0.028704
0 0.625781 0.545833 0.006771 0.028704
0 0.596354 0.564352 0.007292 0.028704
0 0.594271 0.556944 0.005208 0.025000
0 0.598698 0.557870 0.004687 0.025000
0 0.577865 0.515741 0.006771 0.024074
0 0.928385 0.468519 0.009896 0.025926
0 0.213542 0.481481 0.007292 0.029630
0 0.256771 0.601852 0.006250 0.029630
0 0.246615 0.569907 0.007812 0.030556
0 0.243229 0.383333 0.005208 0.024074
0 0.237240 0.383333 0.005729 0.025926
0 0.889062 0.368981 0.006250 0.021296
0 0.833594 0.321759 0.008854 0.021296
0 0.747135 0.373611 0.005729 0.025000
0 0.766406 0.375463 0.005729 0.021296
0 0.650521 0.362963 0.004167 0.020370
0 0.611979 0.312500 0.004167 0.019444
0 0.217448 0.317593 0.004687 0.020370
0 0.221094 0.319444 0.004687 0.020370
0 0.299479 0.312500 0.004167 0.017593
0 0.405469 0.174537 0.002604 0.010185
0 0.458594 0.202778 0.003646 0.016667
