0 0.710662 0.547712 0.011029 0.060131
0 0.708824 0.594771 0.013235 0.049673
0 0.710294 0.605882 0.010294 0.032680
0 0.686029 0.405882 0.011765 0.043137
0 0.799265 0.362092 0.004412 0.020915
0 0.805147 0.356209 0.005882 0.035294
0 0.811397 0.373203 0.005147 0.024837
0 0.687132 0.199346 0.005147 0.011765
0 0.632721 0.316340 0.008088 0.020915
0 0.606618 0.303922 0.004412 0.024837
0 0.615074 0.267974 0.005147 0.026144
0 0.611765 0.266013 0.004412 0.019608
0 0.603309 0.272549 0.006618 0.022222
0 0.585662 0.260784 0.015441 0.022222
0 0.596324 0.247712 0.016176 0.022222
0 0.597794 0.239216 0.002941 0.020915
0 0.590441 0.236601 0.002941 0.018301
0 0.234926 0.704575 0.013971 0.062745
0 0.528309 0.279739 0.005147 0.013072
0 0.535662 0.281699 0.005147 0.011765
0 0.532721 0.277124 0.005147 0.013072
0 0.528309 0.214379 0.003676 0.010458
0 0.523897 0.201961 0.003676 0.011765
0 0.154044 0.362092 0.006618 0.039216
0 0.148529 0.358824 0.004412 0.030065
0 0.096324 0.800000 0.025000 0.091503
0 0.306618 0.435294 0.005882 0.047059
0 0.211397 0.366013 0.011029 0.047059
0 0.220221 0.394771 0.008088 0.039216
