0 0.050368 0.746405 0.019853 0.070588
0 0.063603 0.735294 0.021324 0.064052
0 0.121324 0.737908 0.026471 0.061438
0 0.148529 0.717647 0.020588 0.065359
0 0.139338 0.724837 0.019853 0.064052
0 0.125368 0.727451 0.019853 0.074510
0 0.341544 0.515033 0.013971 0.060131
0 0.333824 0.724837 0.019118 0.071895
0 0.323162 0.716993 0.013971 0.064052
0 0.327574 0.669935 0.018382 0.050980
0 0.339338 0.262745 0.008088 0.033987
0 0.334191 0.255556 0.006618 0.032680
0 0.329412 0.253595 0.007353 0.039216
0 0.637132 0.460131 0.011029 0.049673
0 0.644118 0.462092 0.008824 0.024837
0 0.493382 0.097386 0.004412 0.022222
0 0.497794 0.095425 0.005882 0.026144
0 0.347794 0.124183 0.007353 0.018301
0 0.375000 0.071895 0.004412 0.015686
0 0.322794 0.149673 0.007353 0.019608
