0 0.108854 0.587037 0.011458 0.051852
0 0.145573 0.612500 0.011979 0.043519
0 0.135937 0.453241 0.007292 0.032407
0 0.184375 0.461574 0.008333 0.034259
0 0.158333 0.411574 0.009375 0.026852
0 0.252865 0.344444 0.004687 0.022222
0 0.248958 0.331019 0.005208 0.023148
0 0.177865 0.418519 0.007812 0.027778
0 0.184375 0.397222 0.006250 0.029630
0 0.195052 0.393981 0.006771 0.026852
0 0.113802 0.322685 0.004687 0.025000
0 0.139844 0.321759 0.004687 0.021296
0 0.145052 0.321759 0.004687 0.023148
0 0.142708 0.331019 0.005208 0.025000
0 0.147917 0.331481 0.006250 0.025926
0 0.190365 0.266667 0.003646 0.016667
0 0.194271 0.264815 0.005208 0.020370
0 0.215365 0.346759 0.004687 0.026852
0 0.227604 0.338889 0.005208 0.022222
0 0.350260 0.268056 0.002604 0.013889
0 0.352865 0.266204 0.003646 0.017593
0 0.885156 0.588889 0.013021 0.046296
0 0.952344 0.812963 0.019271 0.072222
0 0.938021 0.808333 0.019792 0.072222
0 0.902604 0.947685 0.018750 0.084259
0 0.916927 0.949537 0.016146 0.087963
0 0.954427 0.955556 0.022396 0.059259
0 0.874479 0.833333 0.020833 0.066667
0 0.904948 0.728704 0.021354 0.044444
0 0.867188 0.720833 0.013542 0.060185
0 0.763542 0.769907 0.014583 0.063889
0 0.772135 0.768056 0.013021 0.063889
0 0.848958 0.718519 0.013542 0.048148
0 0.732292 0.685185 0.012500 0.051852
0 0.949740 0.718056 0.010937 0.067593
0 0.946094 0.663889 0.009896 0.055556
0 0.934635 0.673148 0.013021 0.062963
0 0.945833 0.693519 0.012500 0.057407
0 0.785937 0.484722 0.010417 0.039815
0 0.749219 0.452778 0.011979 0.035185
0 0.739323 0.581944 0.010937 0.047222
0 0.751563 0.581481 0.010417 0.050000
0 0.841667 0.543981 0.011458 0.052778
0 0.787760 0.662500 0.013021 0.060185
0 0.773177 0.667593 0.015104 0.061111
0 0.759375 0.669907 0.013542 0.052778
0 0.751302 0.636111 0.010937 0.050000
0 0.759635 0.638426 0.009896 0.041667
0 0.794010 0.611111 0.007812 0.042593
0 0.796875 0.620833 0.010417 0.052778
0 0.820833 0.556019 0.012500 0.041667
0 0.827865 0.554630 0.006771 0.037037
0 0.640104 0.373148 0.005208 0.031481
0 0.657813 0.400926 0.006250 0.031481
0 0.693750 0.558796 0.011458 0.019444
0 0.700521 0.559722 0.014583 0.030556
0 0.717187 0.479630 0.008333 0.037037
0 0.710938 0.492130 0.009375 0.041667
0 0.704948 0.501389 0.007812 0.041667
0 0.698438 0.499537 0.008333 0.047222
0 0.680469 0.548148 0.011979 0.048148
0 0.689323 0.507407 0.010937 0.037037
0 0.663802 0.500463 0.007812 0.039815
0 0.682552 0.475463 0.005729 0.036111
0 0.678125 0.482870 0.007292 0.036111
0 0.672656 0.488889 0.007812 0.033333
0 0.635677 0.410648 0.007812 0.030556
0 0.640625 0.407407 0.008333 0.033333
0 0.663021 0.447685 0.007292 0.036111
0 0.653646 0.446296 0.006250 0.033333
0 0.635156 0.442593 0.006771 0.025926
0 0.654167 0.472685 0.006250 0.028704
0 0.655208 0.476852 0.005208 0.024074
0 0.468750 0.231944 0.004167 0.012037
