0 0.578309 0.985621 0.008088 0.028758
0 0.576838 0.977124 0.006618 0.030065
0 0.581618 0.979085 0.008824 0.041830
0 0.873897 0.980392 0.015441 0.039216
0 0.845956 0.728105 0.013971 0.039216
0 0.893750 0.609804 0.008088 0.040523
0 0.865441 0.588889 0.011765 0.040523
0 0.872794 0.515033 0.005882 0.036601
0 0.848529 0.511765 0.005882 0.037908
0 0.834191 0.513072 0.006618 0.032680
0 0.831250 0.511111 0.009559 0.020915
0 0.719853 0.647712 0.011765 0.030065
0 0.012868 0.969281 0.013971 0.058824
0 0.097426 0.967320 0.018382 0.054902
0 0.105882 0.957516 0.029412 0.043137
0 0.217647 0.549020 0.005882 0.041830
0 0.235662 0.550980 0.008088 0.037908
0 0.322059 0.318954 0.002941 0.013072
0 0.715074 0.471242 0.006618 0.024837
0 0.763971 0.444444 0.004412 0.013072
0 0.761029 0.441830 0.005882 0.015686
0 0.600735 0.430719 0.008824 0.024837
0 0.675000 0.426144 0.005882 0.026144
0 0.569485 0.362745 0.005147 0.014379
0 0.621324 0.311765 0.004412 0.014379
0 0.613971 0.306536 0.002941 0.016993
0 0.600368 0.309150 0.003676 0.014379
0 0.576103 0.285621 0.003676 0.014379
0 0.394853 0.343137 0.004412 0.019608
0 0.397794 0.326797 0.004412 0.018301
0 0.393382 0.330719 0.004412 0.018301
0 0.416176 0.275817 0.002941 0.007843
0 0.416544 0.251634 0.002206 0.011765
0 0.413971 0.229412 0.001471 0.009150
0 0.418015 0.220261 0.002206 0.009150
0 0.419853 0.222222 0.001471 0.005229
0 0.423162 0.207843 0.002206 0.007843
0 0.463603 0.200654 0.002206 0.006536
0 0.550735 0.336601 0.004412 0.016993
0 0.557721 0.337908 0.003676 0.016993
0 0.555515 0.339216 0.002206 0.011765
0 0.510662 0.269935 0.002206 0.011765
0 0.492279 0.256209 0.002206 0.010458
0 0.523529 0.220261 0.001471 0.009150
0 0.483456 0.222222 0.002206 0.005229
0 0.487132 0.228105 0.002206 0.006536
0 0.488971 0.231373 0.001471 0.005229
