0 0.165441 0.295425 0.013235 0.047059
0 0.137132 0.550980 0.016912 0.061438
0 0.279779 0.401961 0.012500 0.043137
0 0.326103 0.289542 0.006618 0.022222
0 0.694118 0.186275 0.005882 0.032680
0 0.718015 0.233987 0.008088 0.031373
0 0.715074 0.276471 0.005147 0.040523
0 0.919853 0.703268 0.016176 0.073203
0 0.938603 0.710458 0.011029 0.043137
0 0.953309 0.708497 0.018382 0.065359
0 0.976103 0.763399 0.016912 0.065359
0 0.987132 0.732680 0.012500 0.050980
0 0.191176 0.250980 0.008824 0.036601
0 0.215809 0.259477 0.006618 0.027451
0 0.222794 0.250327 0.008824 0.035294
