0 0.157552 0.875926 0.008854 0.037037
0 0.197656 0.820370 0.010937 0.037037
0 0.231771 0.786574 0.008333 0.036111
0 0.240104 0.724537 0.007292 0.026852
0 0.197135 0.802315 0.007812 0.032407
0 0.165104 0.857407 0.008333 0.035185
0 0.114062 0.918981 0.014583 0.037963
0 0.089323 0.963426 0.014063 0.039815
0 0.088542 0.747685 0.008333 0.032407
0 0.084635 0.777315 0.006771 0.026852
0 0.631250 0.862037 0.010417 0.042593
0 0.658333 0.866667 0.010417 0.037037
0 0.747917 0.980556 0.010417 0.037037
0 0.729688 0.986111 0.010417 0.025926
0 0.782552 0.917130 0.008854 0.045370
0 0.798438 0.962963 0.008333 0.044444
0 0.791667 0.916667 0.008333 0.044444
0 0.696094 0.884259 0.007812 0.037037
0 0.677604 0.879630 0.006250 0.035185
0 0.418490 0.584722 0.005729 0.026852
0 0.642708 0.778704 0.007292 0.033333
0 0.679167 0.762500 0.007292 0.041667
0 0.663542 0.789815 0.005208 0.025926
0 0.746875 0.875463 0.005208 0.025000
0 0.721615 0.844444 0.007812 0.038889
0 0.737240 0.867593 0.005729 0.038889
0 0.741146 0.835648 0.006250 0.039815
0 0.735938 0.851389 0.009375 0.030556
0 0.740365 0.773148 0.007812 0.037037
0 0.646354 0.739352 0.007292 0.028704
0 0.638281 0.651852 0.006771 0.027778
0 0.702083 0.649537 0.005208 0.028704
0 0.608854 0.669444 0.005208 0.031481
0 0.601562 0.668519 0.007292 0.033333
0 0.601562 0.628704 0.006250 0.031481
0 0.119271 0.724074 0.009375 0.029630
0 0.137500 0.627778 0.007292 0.033333
0 0.149479 0.620370 0.007292 0.031481
0 0.168490 0.592130 0.007812 0.032407
0 0.178125 0.599074 0.008333 0.033333
0 0.182292 0.588426 0.007292 0.030556
0 0.191927 0.587037 0.008854 0.035185
0 0.291146 0.575000 0.007292 0.029630
0 0.239323 0.575926 0.008854 0.027778
0 0.350521 0.570833 0.007292 0.030556
0 0.362760 0.574074 0.006771 0.027778
0 0.366406 0.575463 0.004687 0.028704
0 0.396354 0.568981 0.009375 0.034259
0 0.303385 0.562963 0.008854 0.027778
0 0.274740 0.561111 0.006771 0.031481
0 0.236979 0.568519 0.007292 0.027778
0 0.481771 0.585185 0.008333 0.022222
0 0.491927 0.584722 0.005729 0.025000
0 0.484375 0.578704 0.006250 0.024074
0 0.526563 0.581481 0.005208 0.027778
0 0.530469 0.576389 0.005729 0.028704
0 0.538802 0.569444 0.007812 0.029630
0 0.510677 0.572685 0.004687 0.032407
0 0.509896 0.569907 0.007292 0.028704
0 0.206510 0.743519 0.005729 0.037037
0 0.207552 0.740741 0.005729 0.033333
0 0.212240 0.730093 0.006771 0.028704
0 0.217708 0.718981 0.007292 0.032407
0 0.223438 0.704167 0.006250 0.034259
0 0.273958 0.673611 0.005208 0.025000
0 0.260937 0.672685 0.006250 0.028704
0 0.283854 0.635648 0.005208 0.023148
0 0.245573 0.622685 0.005729 0.023148
0 0.663802 0.640741 0.004687 0.027778
0 0.668490 0.638426 0.004687 0.028704
0 0.670833 0.634722 0.005208 0.028704
0 0.712760 0.636574 0.005729 0.026852
0 0.398958 0.567130 0.006250 0.025000
0 0.553646 0.480556 0.004167 0.018519
0 0.620052 0.566204 0.005729 0.026852
0 0.625521 0.565278 0.005208 0.025000
0 0.639062 0.528241 0.004167 0.021296
0 0.635417 0.530093 0.005208 0.021296
0 0.645052 0.525000 0.005729 0.024074
0 0.626042 0.536574 0.006250 0.017593
0 0.634115 0.517593 0.005729 0.016667
0 0.566667 0.529630 0.004167 0.024074
0 0.561719 0.531019 0.003646 0.021296
0 0.597135 0.552778 0.005729 0.025926
0 0.582031 0.542593 0.005729 0.024074
0 0.578125 0.535185 0.004167 0.024074
0 0.602344 0.541204 0.005729 0.017593
0 0.594792 0.511111 0.005208 0.022222
0 0.589583 0.511111 0.005208 0.024074
0 0.571875 0.502315 0.004167 0.015741
0 0.573438 0.489352 0.004167 0.021296
0 0.636198 0.493056 0.004687 0.021296
0 0.620313 0.483333 0.005208 0.022222
0 0.621354 0.462963 0.004167 0.020370
0 0.618229 0.449537 0.004167 0.019444
0 0.621615 0.444444 0.004687 0.018519
0 0.605208 0.527315 0.005208 0.023148
0 0.612240 0.524537 0.004687 0.019444
0 0.600000 0.497222 0.005208 0.022222
0 0.591927 0.534722 0.004687 0.013889
0 0.591667 0.531019 0.004167 0.015741
0 0.609635 0.472222 0.004687 0.018519
0 0.593750 0.480093 0.005208 0.021296
0 0.589583 0.481019 0.004167 0.021296
0 0.586719 0.469444 0.003646 0.020370
0 0.590365 0.467130 0.004687 0.017593
0 0.579427 0.469907 0.004687 0.019444
0 0.575260 0.470370 0.004687 0.020370
0 0.563802 0.490741 0.004687 0.012963
0 0.563281 0.477778 0.004687 0.016667
