0 0.031771 0.021759 0.006250 0.019444
0 0.021875 0.310185 0.015625 0.027778
0 0.006250 0.245370 0.011458 0.029630
0 0.047396 0.218056 0.012500 0.026852
0 0.039583 0.208333 0.012500 0.020370
0 0.039062 0.583333 0.012500 0.029630
0 0.175260 0.536111 0.044271 0.118519
0 0.202865 0.380093 0.041146 0.115741
0 0.114844 0.343981 0.011979 0.032407
0 0.226042 0.258796 0.038542 0.112037
0 0.140104 0.149074 0.012500 0.027778
0 0.155990 0.124074 0.010937 0.027778
0 0.255208 0.108796 0.038542 0.102778
0 0.417448 0.268519 0.009896 0.027778
0 0.470573 0.754167 0.007812 0.019444
0 0.462240 0.793056 0.010937 0.017593
0 0.344531 0.957407 0.010937 0.020370
0 0.210156 0.921759 0.011979 0.019444
0 0.984896 0.491667 0.018750 0.020370
0 0.920833 0.281944 0.013542 0.026852
