0 0.009926 0.714379 0.015441 0.050980
0 0.003676 0.724183 0.007353 0.049673
0 0.426471 0.849020 0.014706 0.077124
0 0.447426 0.930065 0.013971 0.077124
0 0.656985 0.824183 0.015441 0.064052
0 0.615441 0.788235 0.016176 0.065359
0 0.866912 0.910458 0.019118 0.061438
0 0.027941 0.393464 0.007353 0.036601
0 0.075735 0.405882 0.007353 0.037908
0 0.073529 0.392810 0.008824 0.032680
0 0.061765 0.367974 0.007353 0.035294
0 0.710662 0.511765 0.008088 0.037908
0 0.993750 0.601307 0.012500 0.044444
0 0.976838 0.523529 0.009559 0.045752
0 0.994118 0.543137 0.010294 0.032680
0 0.748162 0.547712 0.011029 0.047059
0 0.157353 0.295425 0.005882 0.026144
0 0.239706 0.278431 0.004412 0.028758
0 0.244853 0.277778 0.005882 0.027451
0 0.366544 0.251634 0.003676 0.011765
0 0.371324 0.278431 0.005882 0.018301
0 0.543382 0.294771 0.004412 0.014379
0 0.536029 0.256863 0.004412 0.016993
0 0.219118 0.237255 0.005882 0.024837
0 0.239338 0.241830 0.003676 0.023529
0 0.246691 0.239869 0.003676 0.022222
0 0.472794 0.162092 0.002941 0.007843
0 0.470956 0.147712 0.002206 0.010458
0 0.479044 0.141176 0.002206 0.007843
0 0.524265 0.150980 0.001471 0.009150
0 0.579779 0.193464 0.002206 0.015686
