0 0.521094 0.671759 0.013021 0.032407
0 0.163802 0.473611 0.008854 0.028704
0 0.205990 0.426852 0.006771 0.022222
0 0.050781 0.223611 0.004687 0.013889
0 0.080469 0.251389 0.003646 0.015741
0 0.073698 0.258333 0.002604 0.009259
0 0.036979 0.242593 0.003125 0.012963
0 0.035156 0.237963 0.002604 0.012963
0 0.384635 0.399537 0.005729 0.021296
0 0.487500 0.395833 0.006250 0.019444
0 0.523698 0.403241 0.006771 0.023148
0 0.787240 0.361111 0.004687 0.022222
0 0.601042 0.236111 0.003125 0.012963
0 0.588281 0.225000 0.002604 0.012963
0 0.721615 0.315278 0.003646 0.017593
0 0.739583 0.303704 0.003125 0.018519
0 0.742708 0.305093 0.003125 0.017593
0 0.715625 0.293519 0.003125 0.014815
0 0.725521 0.292130 0.003125 0.017593
0 0.732552 0.281944 0.003646 0.017593
0 0.684896 0.274074 0.003125 0.018519
0 0.692448 0.281019 0.003646 0.017593
0 0.679688 0.273148 0.004167 0.016667
0 0.674479 0.266204 0.004167 0.012037
0 0.595052 0.243981 0.002604 0.013889
0 0.750000 0.324537 0.004167 0.017593
0 0.356250 0.248148 0.003125 0.014815
0 0.348438 0.265278 0.003125 0.010185
0 0.348438 0.263426 0.003125 0.012037
0 0.360938 0.256481 0.002083 0.012963
0 0.365104 0.259259 0.003125 0.016667
0 0.364063 0.257407 0.003125 0.014815
0 0.262760 0.234259 0.003646 0.012963
