0 0.848162 0.486928 0.009559 0.030065
0 0.885662 0.500000 0.008088 0.032680
0 0.921691 0.501961 0.005147 0.036601
0 0.968382 0.507190 0.007353 0.033987
0 0.912500 0.502614 0.005882 0.032680
0 0.915441 0.503922 0.005882 0.022222
0 0.907721 0.500654 0.008088 0.031373
0 0.880882 0.490850 0.011765 0.030065
0 0.875735 0.490850 0.008824 0.030065
0 0.858824 0.479085 0.008824 0.027451
0 0.857353 0.475163 0.007353 0.027451
0 0.866176 0.477778 0.008824 0.030065
0 0.865074 0.474510 0.006618 0.028758
0 0.067279 0.621569 0.015441 0.040523
0 0.129412 0.624183 0.017647 0.032680
