0 0.451471 0.501307 0.002941 0.011765
0 0.440074 0.554248 0.003676 0.013072
0 0.515809 0.516993 0.002206 0.011765
0 0.519118 0.518301 0.002941 0.014379
0 0.526103 0.519608 0.002206 0.011765
0 0.538235 0.527451 0.002941 0.011765
0 0.538235 0.656863 0.004412 0.024837
0 0.479412 0.675817 0.004412 0.020915
0 0.568382 0.835948 0.004412 0.027451
0 0.562868 0.832026 0.005147 0.024837
0 0.346691 0.988889 0.006618 0.022222
0 0.391544 0.687582 0.003676 0.020915
0 0.427574 0.633333 0.003676 0.016993
0 0.415809 0.600000 0.003676 0.015686
0 0.545956 0.495425 0.002206 0.010458
0 0.548162 0.494771 0.002206 0.009150
0 0.327574 0.740523 0.005147 0.016993
0 0.319853 0.882353 0.005882 0.028758
0 0.309926 0.881699 0.005147 0.027451
0 0.522426 0.467974 0.002206 0.007843
0 0.549265 0.462745 0.001471 0.010458
0 0.545956 0.462092 0.002206 0.009150
