0 0.589338 0.657516 0.011029 0.052288
0 0.548897 0.487582 0.011029 0.041830
0 0.345588 0.081046 0.007353 0.018301
0 0.408824 0.075163 0.004412 0.019608
0 0.394485 0.074510 0.003676 0.018301
0 0.438971 0.092157 0.004412 0.022222
0 0.433824 0.092810 0.004412 0.015686
0 0.432353 0.073856 0.002941 0.019608
0 0.401471 0.362745 0.008824 0.035294
0 0.309926 0.433333 0.006618 0.035294
0 0.304779 0.432026 0.006618 0.037908
0 0.277941 0.445752 0.007353 0.039216
0 0.298897 0.276471 0.006618 0.022222
0 0.336765 0.515033 0.008824 0.052288
