0 0.043382 0.681046 0.022059 0.026144
0 0.231985 0.843137 0.011029 0.031373
0 0.954412 0.160131 0.011765 0.035294
0 0.967647 0.270588 0.014706 0.036601
0 0.957721 0.227451 0.012500 0.031373
0 0.951838 0.245098 0.011029 0.030065
0 0.945221 0.239216 0.013971 0.028758
0 0.872059 0.257516 0.010294 0.031373
0 0.875368 0.247712 0.012500 0.027451
0 0.874632 0.246405 0.012500 0.027451
0 0.733456 0.290196 0.006618 0.023529
0 0.831250 0.232680 0.011029 0.028758
0 0.810662 0.198039 0.012500 0.030065
0 0.800368 0.218954 0.011029 0.027451
0 0.781985 0.211111 0.012500 0.027451
0 0.790809 0.196078 0.012500 0.028758
0 0.769485 0.200654 0.009559 0.027451
0 0.775000 0.196732 0.010294 0.030065
0 0.616176 0.131373 0.007353 0.032680
0 0.602941 0.121569 0.007353 0.028758
0 0.107353 0.149020 0.010294 0.028758
0 0.083456 0.009150 0.008088 0.018301
0 0.135294 0.112418 0.011765 0.031373
0 0.337868 0.327451 0.009559 0.027451
0 0.336397 0.330065 0.003676 0.016993
0 0.374265 0.282353 0.004412 0.023529
0 0.373897 0.271242 0.006618 0.032680
0 0.210294 0.246405 0.007353 0.024837
0 0.216176 0.245098 0.010294 0.030065
0 0.236029 0.228758 0.005882 0.026144
0 0.240074 0.218954 0.009559 0.032680
0 0.375000 0.216993 0.007353 0.036601
0 0.368015 0.205882 0.005147 0.030065
0 0.493382 0.043137 0.004412 0.031373
0 0.412132 0.067974 0.005147 0.028758
0 0.406985 0.058824 0.006618 0.031373
0 0.269853 0.121569 0.004412 0.015686
0 0.274632 0.110458 0.006618 0.027451
0 0.292279 0.107190 0.008088 0.026144
0 0.298162 0.116993 0.006618 0.027451
0 0.432721 0.875817 0.012500 0.026144
0 0.438971 0.860784 0.011765 0.032680
