0 0.939844 0.944907 0.019271 0.076852
0 0.817969 0.961574 0.016146 0.069444
0 0.787240 0.927778 0.013021 0.059259
0 0.786719 0.973611 0.011979 0.050926
0 0.798958 0.985648 0.012500 0.026852
0 0.762240 0.799074 0.010937 0.050000
0 0.752865 0.840278 0.015104 0.049074
0 0.719271 0.781481 0.012500 0.031481
0 0.733854 0.781481 0.012500 0.031481
0 0.709375 0.730556 0.014583 0.035185
0 0.923958 0.865278 0.012500 0.065741
0 0.944792 0.844444 0.015625 0.059259
0 0.902344 0.844444 0.016146 0.057407
0 0.904427 0.806019 0.009896 0.039815
0 0.904167 0.776852 0.007292 0.046296
0 0.894010 0.783333 0.009896 0.057407
0 0.873177 0.688889 0.009896 0.055556
0 0.861979 0.684259 0.007292 0.050000
0 0.851562 0.683333 0.010417 0.042593
0 0.838281 0.667593 0.009896 0.046296
0 0.852083 0.663889 0.010417 0.038889
0 0.783333 0.630556 0.006250 0.046296
0 0.776563 0.642130 0.007292 0.047222
0 0.752865 0.646759 0.009896 0.039815
0 0.764583 0.643519 0.009375 0.040741
0 0.813542 0.510185 0.007292 0.033333
0 0.859896 0.510185 0.007292 0.037037
0 0.873177 0.511574 0.003646 0.030556
0 0.879948 0.506944 0.005729 0.028704
0 0.873437 0.465278 0.007292 0.028704
0 0.857812 0.456019 0.006250 0.025000
0 0.839063 0.444907 0.006250 0.026852
0 0.888021 0.448611 0.005208 0.028704
0 0.949219 0.500463 0.004687 0.030556
0 0.957292 0.506944 0.005208 0.025000
0 0.967187 0.503704 0.005208 0.027778
0 0.974219 0.502778 0.004687 0.027778
0 0.979688 0.508796 0.004167 0.023148
0 0.691667 0.344907 0.002083 0.021296
0 0.383594 0.247222 0.002604 0.014815
0 0.454427 0.246759 0.002604 0.015741
0 0.460677 0.248611 0.002604 0.013889
0 0.456771 0.245833 0.003125 0.015741
0 0.448437 0.210648 0.002083 0.010185
0 0.560156 0.413426 0.004687 0.026852
0 0.586979 0.555556 0.008333 0.025926
0 0.601562 0.552315 0.009375 0.041667
0 0.582552 0.461574 0.003646 0.028704
0 0.046354 0.702778 0.015625 0.048148
0 0.063542 0.760185 0.014583 0.059259
0 0.067187 0.728704 0.010417 0.038889
0 0.080990 0.731944 0.009896 0.054630
0 0.087760 0.722685 0.011979 0.049074
0 0.131771 0.656944 0.007292 0.039815
0 0.096094 0.669907 0.009896 0.049074
0 0.120313 0.650000 0.009375 0.038889
0 0.108854 0.647685 0.010417 0.043519
0 0.137760 0.580556 0.009896 0.038889
0 0.113802 0.566667 0.009896 0.029630
0 0.133854 0.537037 0.010417 0.029630
0 0.079167 0.563426 0.010417 0.043519
0 0.089844 0.564815 0.008854 0.040741
0 0.057031 0.546296 0.009896 0.038889
0 0.017969 0.756019 0.015104 0.045370
0 0.034115 0.618056 0.013021 0.047222
0 0.033073 0.581481 0.010937 0.037037
0 0.033073 0.553241 0.009896 0.032407
0 0.026042 0.557870 0.009375 0.037963
0 0.016927 0.542593 0.007812 0.038889
0 0.009115 0.534722 0.010937 0.041667
0 0.175521 0.479630 0.008333 0.033333
0 0.183594 0.406944 0.005729 0.028704
0 0.028385 0.447685 0.007812 0.026852
0 0.004948 0.453704 0.007812 0.033333
0 0.236979 0.475463 0.007292 0.032407
0 0.257292 0.424537 0.007292 0.032407
0 0.208333 0.368056 0.004167 0.025000
0 0.223698 0.375000 0.004687 0.024074
0 0.226562 0.372685 0.004167 0.025000
0 0.236458 0.375926 0.005208 0.018519
0 0.253385 0.368981 0.005729 0.021296
0 0.269792 0.370833 0.005208 0.019444
0 0.246354 0.259259 0.004167 0.016667
0 0.267708 0.292593 0.003125 0.014815
0 0.312760 0.304167 0.003646 0.019444
0 0.307812 0.307870 0.003125 0.015741
0 0.308073 0.319444 0.004687 0.018519
0 0.300521 0.260648 0.004167 0.017593
0 0.301823 0.276852 0.003646 0.018519
0 0.298177 0.277315 0.002604 0.017593
0 0.287240 0.253241 0.002604 0.017593
0 0.290625 0.253241 0.003125 0.019444
0 0.294531 0.242130 0.002604 0.015741
0 0.315104 0.354167 0.004167 0.023148
0 0.330990 0.341204 0.003646 0.012037
0 0.345833 0.252315 0.004167 0.017593
0 0.335938 0.237500 0.002083 0.008333
0 0.333073 0.225926 0.001563 0.007407
0 0.295052 0.226852 0.002604 0.012963
0 0.283333 0.226852 0.002083 0.011111
0 0.530208 0.329630 0.002083 0.020370
0 0.475521 0.250000 0.001042 0.011111
0 0.476823 0.249074 0.001563 0.012963
0 0.479167 0.249537 0.002083 0.013889
0 0.026042 0.890278 0.025000 0.065741
0 0.007031 0.911111 0.014063 0.074074
0 0.006510 0.970370 0.010937 0.059259
0 0.003646 0.781944 0.007292 0.049074
0 0.413281 0.247685 0.002604 0.013889
