0 0.463603 0.815686 0.015441 0.091503
0 0.274265 0.963399 0.022059 0.073203
0 0.464706 0.786275 0.019118 0.095425
0 0.540074 0.692810 0.022794 0.086275
0 0.513603 0.572549 0.019853 0.070588
0 0.583824 0.533333 0.016176 0.067974
0 0.610662 0.525490 0.019853 0.070588
0 0.631250 0.483007 0.013971 0.064052
0 0.599632 0.479085 0.013971 0.064052
0 0.595221 0.513072 0.013971 0.069281
0 0.558088 0.499346 0.017647 0.062745
0 0.526103 0.497386 0.012500 0.071895
0 0.675000 0.387582 0.007353 0.064052
0 0.645588 0.318301 0.011765 0.058824
0 0.634926 0.315033 0.009559 0.047059
0 0.598897 0.352288 0.009559 0.056209
0 0.597794 0.334641 0.010294 0.052288
0 0.551471 0.398039 0.008824 0.056209
0 0.469485 0.277778 0.008088 0.032680
0 0.395588 0.262745 0.008824 0.049673
0 0.777941 0.210458 0.007353 0.039216
0 0.768750 0.206536 0.011029 0.039216
0 0.761029 0.195425 0.011765 0.030065
0 0.774265 0.183660 0.004412 0.032680
0 0.659191 0.149673 0.008088 0.032680
0 0.656618 0.143137 0.007353 0.035294
0 0.652941 0.141176 0.005882 0.033987
0 0.581985 0.122222 0.006618 0.032680
0 0.573897 0.115033 0.005147 0.026144
0 0.566176 0.117647 0.004412 0.026144
0 0.569485 0.110458 0.006618 0.032680
0 0.580147 0.101961 0.004412 0.023529
0 0.465809 0.164706 0.006618 0.036601
0 0.461397 0.150980 0.006618 0.032680
0 0.456985 0.171242 0.006618 0.039216
0 0.452941 0.178431 0.007353 0.035294
0 0.446691 0.174510 0.006618 0.040523
0 0.344485 0.244444 0.008088 0.049673
0 0.315074 0.234641 0.009559 0.045752
0 0.308456 0.240523 0.005147 0.031373
0 0.357353 0.158170 0.005882 0.033987
0 0.269485 0.226144 0.008088 0.041830
0 0.291912 0.203922 0.005882 0.047059
0 0.274632 0.201961 0.009559 0.032680
0 0.261029 0.201961 0.010294 0.045752
0 0.247059 0.207843 0.010294 0.044444
0 0.237132 0.198039 0.008088 0.030065
0 0.227941 0.194771 0.007353 0.031373
0 0.221324 0.191503 0.007353 0.027451
0 0.188235 0.192157 0.007353 0.039216
0 0.222426 0.158824 0.008088 0.040523
0 0.237132 0.159477 0.006618 0.036601
0 0.251103 0.148366 0.006618 0.035294
0 0.290441 0.171242 0.005882 0.033987
0 0.606985 0.044444 0.003676 0.028758
0 0.012132 0.072549 0.006618 0.030065
0 0.008456 0.070588 0.006618 0.026144
0 0.050000 0.064706 0.007353 0.027451
0 0.056985 0.064052 0.006618 0.028758
0 0.060294 0.065359 0.007353 0.031373
0 0.154412 0.057516 0.004412 0.028758
0 0.160294 0.057516 0.005882 0.026144
0 0.165074 0.057516 0.005147 0.031373
0 0.221324 0.037908 0.005882 0.015686
0 0.229779 0.037255 0.005147 0.022222
0 0.238603 0.038562 0.006618 0.016993
