0 0.147426 0.885621 0.011029 0.040523
0 0.067279 0.939869 0.015441 0.039216
0 0.032353 0.933987 0.016176 0.024837
0 0.113971 0.724837 0.013235 0.037908
0 0.127206 0.740523 0.011765 0.037908
0 0.126838 0.724837 0.012500 0.035294
0 0.097794 0.680392 0.011765 0.035294
0 0.228676 0.694771 0.008824 0.040523
0 0.148529 0.579085 0.008824 0.033987
0 0.149632 0.563399 0.009559 0.018301
0 0.151471 0.557516 0.008824 0.016993
0 0.137500 0.471895 0.010294 0.033987
0 0.311029 0.386275 0.005882 0.024837
0 0.351471 0.457516 0.008824 0.028758
0 0.359559 0.445752 0.007353 0.023529
0 0.385662 0.309150 0.005147 0.022222
0 0.294485 0.211765 0.006618 0.020915
0 0.247426 0.269281 0.005147 0.018301
0 0.598529 0.473856 0.008824 0.030065
0 0.621691 0.477124 0.006618 0.028758
0 0.540809 0.350327 0.008088 0.031373
0 0.573897 0.266667 0.005147 0.023529
0 0.538971 0.152288 0.004412 0.022222
0 0.404044 0.149673 0.005147 0.014379
0 0.397059 0.131373 0.005882 0.019608
0 0.487500 0.054902 0.004412 0.013072
0 0.366912 0.063399 0.004412 0.016993
0 0.408088 0.028758 0.005882 0.023529
0 0.483088 0.007190 0.004412 0.014379
