0 0.952143 0.433333 0.021429 0.041905
0 0.764643 0.289524 0.009286 0.022857
0 0.651429 0.113333 0.004286 0.015238
0 0.593929 0.067619 0.003571 0.013333
0 0.589643 0.067143 0.005000 0.012381
0 0.577500 0.057619 0.005000 0.014286
0 0.501786 0.611429 0.016429 0.051429
0 0.548214 0.377619 0.013571 0.042857
0 0.462857 0.235714 0.008571 0.027619
0 0.490357 0.134286 0.003571 0.013333
0 0.493929 0.131905 0.005000 0.014286
0 0.500714 0.150952 0.004286 0.016190
0 0.450000 0.114286 0.004286 0.013333
0 0.451786 0.089048 0.003571 0.014286
0 0.480000 0.062857 0.002857 0.009524
0 0.494286 0.053333 0.002857 0.009524
0 0.496786 0.054286 0.002143 0.009524
0 0.493929 0.040952 0.002143 0.007619
0 0.497143 0.041905 0.002857 0.007619
0 0.494643 0.032857 0.003571 0.008571
