0 0.492143 0.606667 0.027143 0.062857
0 0.478571 0.393810 0.018571 0.042857
0 0.485714 0.495714 0.022857 0.056190
0 0.306429 0.262857 0.021429 0.047619
0 0.493929 0.196667 0.013571 0.042857
0 0.465714 0.059048 0.011429 0.024762
0 0.744643 0.674286 0.022143 0.060952
0 0.787143 0.691429 0.028571 0.068571
0 0.485000 0.220000 0.012857 0.038095
0 0.602500 0.143333 0.007857 0.039048
0 0.581071 0.076667 0.007857 0.027619
0 0.503929 0.451905 0.010714 0.029524
0 0.514643 0.454762 0.013571 0.050476
0 0.431786 0.617619 0.017857 0.029524
0 0.597857 0.064762 0.010000 0.024762
0 0.566071 0.023333 0.006429 0.016190
0 0.571786 0.018095 0.005000 0.019048
