0 0.894643 0.321905 0.006429 0.015238
0 0.909286 0.326667 0.008571 0.020952
0 0.913214 0.328571 0.007857 0.020952
0 0.910000 0.346667 0.007143 0.019048
0 0.916071 0.337143 0.006429 0.017143
0 0.874643 0.371429 0.010714 0.024762
0 0.858929 0.416190 0.007857 0.015238
0 0.708214 0.411429 0.009286 0.024762
0 0.706429 0.401429 0.008571 0.021905
0 0.740714 0.549524 0.011429 0.030476
0 0.627500 0.302857 0.007857 0.024762
0 0.294643 0.308571 0.007857 0.024762
0 0.538929 0.513810 0.006429 0.014286
0 0.467143 0.666190 0.008571 0.033333
0 0.232857 0.576667 0.012857 0.029524
0 0.650714 0.860000 0.017143 0.030476
0 0.525000 0.946190 0.012857 0.029524
