0 0.259643 0.248095 0.005000 0.018095
0 0.597857 0.289048 0.004286 0.010476
0 0.501786 0.066667 0.003571 0.017143
0 0.563571 0.031905 0.002857 0.010476
0 0.552500 0.030476 0.002143 0.013333
0 0.530000 0.039524 0.004286 0.010476
0 0.615714 0.207619 0.004286 0.007619
0 0.624286 0.208571 0.004286 0.009524
0 0.660000 0.043810 0.004286 0.013333
0 0.669286 0.050000 0.004286 0.014286
0 0.693571 0.286667 0.004286 0.015238
0 0.677857 0.392381 0.005714 0.019048
0 0.670000 0.388095 0.005714 0.016190
0 0.917143 0.229048 0.004286 0.014286
0 0.911071 0.200000 0.005000 0.015238
0 0.907143 0.182857 0.004286 0.015238
0 0.871429 0.175238 0.005714 0.020952
0 0.885357 0.221429 0.007857 0.021905
0 0.974286 0.252381 0.004286 0.019048
0 0.988214 0.184286 0.005000 0.018095
0 0.953214 0.164286 0.003571 0.014286
0 0.956786 0.173810 0.003571 0.012381
0 0.962143 0.181905 0.002857 0.013333
0 0.966429 0.191429 0.002857 0.015238
0 0.971071 0.203810 0.005000 0.015238
0 0.975357 0.217143 0.003571 0.017143
0 0.980357 0.226667 0.002143 0.011429
0 0.984643 0.230952 0.003571 0.014286
0 0.990000 0.239048 0.002857 0.011429
0 0.996071 0.247619 0.005000 0.017143
0 0.997143 0.191905 0.004286 0.014286
0 0.920000 0.157143 0.004286 0.013333
0 0.926786 0.171429 0.003571 0.017143
0 0.933214 0.180952 0.003571 0.013333
0 0.941429 0.197143 0.005714 0.017143
0 0.952857 0.215238 0.004286 0.017143
0 0.960714 0.236190 0.004286 0.017143
0 0.968571 0.243333 0.005714 0.016190
0 0.957143 0.227143 0.004286 0.014286
0 0.902857 0.164286 0.004286 0.016190
0 0.925357 0.519524 0.006429 0.025714
