0 0.743571 0.491429 0.007143 0.030476
0 0.360714 0.298095 0.008571 0.030476
0 0.507857 0.254286 0.011429 0.032381
0 0.407143 0.209048 0.008571 0.029524
0 0.340000 0.165714 0.005714 0.017143
0 0.313571 0.146190 0.007143 0.023810
0 0.318214 0.103810 0.006429 0.022857
0 0.307143 0.154762 0.010000 0.020000
0 0.354286 0.128095 0.005714 0.020000
0 0.347500 0.121429 0.006429 0.018095
0 0.362857 0.138095 0.005714 0.019048
0 0.358929 0.150476 0.005000 0.015238
0 0.360714 0.157619 0.004286 0.020000
0 0.371786 0.147619 0.006429 0.017143
0 0.582857 0.302857 0.008571 0.017143
0 0.207857 0.121905 0.008571 0.020952
