0 0.218214 0.200952 0.006429 0.015238
0 0.307143 0.841905 0.008571 0.030476
0 0.306429 0.744286 0.010000 0.029524
0 0.322857 0.820000 0.012857 0.030476
0 0.512143 0.083333 0.002857 0.018095
0 0.517500 0.083810 0.006429 0.019048
0 0.453214 0.433333 0.006429 0.026667
0 0.446071 0.441905 0.007857 0.030476
0 0.440714 0.493810 0.007143 0.023810
0 0.433214 0.492381 0.006429 0.020952
0 0.557857 0.395714 0.004286 0.018095
0 0.746429 0.083810 0.007143 0.028571
0 0.873214 0.956190 0.009286 0.030476
0 0.862500 0.954762 0.007857 0.031429
0 0.840714 0.355714 0.005714 0.016190
