0 0.678929 0.972081 0.009286 0.027919
0 0.928571 0.599619 0.008571 0.019036
0 0.805714 0.651650 0.010000 0.021574
0 0.687143 0.697970 0.010000 0.022843
0 0.667500 0.730964 0.010714 0.025381
0 0.523929 0.791878 0.009286 0.027919
0 0.526429 0.779822 0.010000 0.026650
0 0.184286 0.937817 0.010000 0.022843
0 0.187143 0.892132 0.010000 0.030457
0 0.188214 0.885787 0.009286 0.022843
0 0.428214 0.666244 0.006429 0.022843
0 0.433571 0.637056 0.005714 0.022843
0 0.631429 0.425127 0.004286 0.017766
0 0.638571 0.435279 0.004286 0.022843
0 0.640714 0.430203 0.004286 0.010152
0 0.618214 0.503807 0.006429 0.017766
0 0.618214 0.492386 0.003571 0.015228
0 0.566429 0.126904 0.002857 0.015228
0 0.394643 0.068528 0.003571 0.012690
0 0.407857 0.131345 0.002857 0.013959
0 0.266071 0.109137 0.003571 0.012690
0 0.266786 0.103426 0.003571 0.013959
0 0.275357 0.108503 0.003571 0.011421
0 0.394643 0.168147 0.003571 0.008883
0 0.405000 0.182741 0.002857 0.012690
0 0.410357 0.180838 0.002143 0.013959
0 0.437143 0.381345 0.002857 0.019036
0 0.448214 0.380711 0.003571 0.017766
0 0.452143 0.382614 0.004286 0.016497
0 0.432500 0.411168 0.002143 0.015228
0 0.436071 0.410533 0.003571 0.019036
0 0.439286 0.418147 0.002857 0.013959
0 0.433214 0.456853 0.003571 0.020305
0 0.085357 0.654822 0.012143 0.027919
0 0.101786 0.653553 0.009286 0.027919
0 0.012500 0.758883 0.007857 0.025381
0 0.020000 0.774746 0.008571 0.031726
0 0.026786 0.782360 0.010714 0.031726
