0 0.327143 0.294762 0.004286 0.012381
0 0.335000 0.291905 0.004286 0.012381
0 0.341786 0.289524 0.003571 0.011429
0 0.356071 0.301429 0.003571 0.014286
0 0.350714 0.301429 0.002857 0.014286
0 0.271071 0.357143 0.003571 0.015238
0 0.261786 0.349048 0.003571 0.010476
0 0.252143 0.340952 0.004286 0.011429
0 0.312143 0.382857 0.004286 0.015238
0 0.308571 0.361905 0.004286 0.015238
0 0.265714 0.312381 0.002857 0.011429
0 0.298214 0.420952 0.003571 0.011429
0 0.262143 0.516667 0.004286 0.014286
0 0.268571 0.512857 0.002857 0.014286
0 0.275714 0.501429 0.004286 0.014286
0 0.286429 0.468571 0.002857 0.013333
0 0.251071 0.501905 0.003571 0.013333
0 0.411071 0.095714 0.002143 0.004762
0 0.386071 0.126190 0.002143 0.006667
0 0.387500 0.137619 0.002143 0.006667
0 0.391429 0.138095 0.001429 0.005714
0 0.391429 0.144762 0.001429 0.003810
0 0.377143 0.167619 0.001429 0.007619
0 0.372500 0.165238 0.002143 0.008571
0 0.414286 0.233333 0.002857 0.005714
0 0.406429 0.236667 0.004286 0.006667
0 0.533929 0.240952 0.002143 0.007619
0 0.533929 0.086190 0.002143 0.004762
0 0.544286 0.105238 0.001429 0.006667
0 0.640357 0.402857 0.003571 0.013333
0 0.635357 0.402381 0.003571 0.012381
0 0.630714 0.382381 0.002857 0.014286
0 0.624643 0.383810 0.003571 0.011429
0 0.592143 0.254286 0.002857 0.011429
0 0.565000 0.143810 0.002857 0.007619
0 0.560357 0.150000 0.002143 0.006667
0 0.670000 0.286190 0.007143 0.010476
0 0.747500 0.219524 0.002143 0.006667
0 0.711071 0.303333 0.003571 0.010476
0 0.724286 0.258095 0.002857 0.007619
0 0.681429 0.444286 0.005714 0.018095
0 0.656429 0.442857 0.005714 0.015238
0 0.796071 0.849048 0.007857 0.033333
0 0.808214 0.849048 0.006429 0.033333
0 0.832143 0.852857 0.008571 0.025714
0 0.796429 0.796190 0.005714 0.019048
0 0.787500 0.793333 0.006429 0.020952
0 0.811429 0.735238 0.007143 0.024762
0 0.802857 0.740000 0.005714 0.024762
0 0.767857 0.742381 0.007143 0.018095
0 0.796071 0.493333 0.003571 0.009524
0 0.820357 0.259048 0.002143 0.009524
0 0.867500 0.258571 0.002143 0.006667
0 0.862500 0.643810 0.006429 0.028571
0 0.882500 0.215238 0.002143 0.009524
