0 0.242500 0.095812 0.003571 0.011421
0 0.247500 0.093274 0.003571 0.013959
0 0.248929 0.121193 0.003571 0.008883
0 0.168214 0.556472 0.006429 0.008883
0 0.168929 0.551396 0.003571 0.011421
0 0.428929 0.259518 0.002143 0.011421
0 0.241071 0.427665 0.003571 0.005076
0 0.245000 0.416244 0.004286 0.007614
0 0.254286 0.401650 0.002857 0.011421
0 0.280714 0.468274 0.004286 0.012690
0 0.333571 0.527919 0.004286 0.010152
0 0.338214 0.532995 0.003571 0.010152
0 0.339286 0.538706 0.002857 0.011421
0 0.923214 0.904188 0.006429 0.006345
0 0.857857 0.867386 0.007143 0.008883
0 0.933571 0.913071 0.007143 0.008883
0 0.958214 0.928299 0.006429 0.006345
0 0.951071 0.925127 0.006429 0.007614
0 0.954286 0.930838 0.005714 0.006345
0 0.985357 0.947335 0.006429 0.006345
0 0.566786 0.308376 0.002143 0.010152
