0 0.070000 0.770952 0.030000 0.039048
0 0.219286 0.609048 0.027143 0.044762
0 0.767500 0.486190 0.016429 0.044762
0 0.891429 0.413333 0.017143 0.040000
0 0.030000 0.230952 0.014286 0.025714
0 0.035000 0.137619 0.010000 0.014286
0 0.222857 0.030476 0.007143 0.017143
0 0.395714 0.108095 0.010000 0.018095
0 0.786429 0.260000 0.011429 0.028571
0 0.723571 0.202381 0.007143 0.020000
0 0.712500 0.335714 0.016429 0.027619
0 0.381429 0.097143 0.007143 0.020952
0 0.372143 0.090952 0.005714 0.012381
0 0.350357 0.071905 0.006429 0.016190
0 0.355357 0.075714 0.005000 0.014286
0 0.366786 0.083333 0.005000 0.016190
0 0.364643 0.080000 0.003571 0.013333
0 0.896786 0.533810 0.013571 0.031429
0 0.916071 0.527143 0.012143 0.037143
0 0.925000 0.518571 0.012857 0.035238
0 0.786786 0.140476 0.006429 0.012381
0 0.753929 0.168571 0.006429 0.019048
0 0.751786 0.194762 0.007857 0.016190
0 0.699286 0.187619 0.005714 0.024762
