0 0.111071 0.421429 0.035000 0.050476
0 0.452143 0.401429 0.017143 0.042857
0 0.613571 0.247143 0.017143 0.039048
0 0.412500 0.180476 0.015000 0.033333
0 0.405714 0.145238 0.015714 0.035238
0 0.385357 0.157143 0.013571 0.032381
0 0.322143 0.149048 0.012857 0.031429
0 0.152857 0.083810 0.012857 0.019048
0 0.204643 0.112381 0.009286 0.022857
0 0.195714 0.090952 0.010000 0.023810
0 0.249286 0.159524 0.012857 0.029524
0 0.313214 0.148095 0.009286 0.033333
0 0.201429 0.114762 0.008571 0.021905
0 0.388929 0.206667 0.012143 0.034286
0 0.448929 0.193333 0.005000 0.022857
0 0.452857 0.198095 0.011429 0.024762
0 0.553214 0.172857 0.010714 0.021905
0 0.639643 0.113810 0.010714 0.025714
0 0.659643 0.216667 0.012143 0.031429
0 0.708929 0.223333 0.010714 0.040952
0 0.698571 0.241429 0.007143 0.039048
0 0.691429 0.245238 0.008571 0.039048
0 0.683929 0.251905 0.013571 0.044762
0 0.949643 0.308571 0.012143 0.030476
0 0.262143 0.284286 0.017143 0.035238
0 0.076786 0.668571 0.036429 0.036190
0 0.245714 0.115714 0.011429 0.025714
0 0.404643 0.068571 0.010714 0.024762
0 0.454286 0.075238 0.008571 0.026667
0 0.459643 0.072857 0.006429 0.029524
0 0.464643 0.070476 0.009286 0.034286
0 0.478929 0.081429 0.009286 0.029524
0 0.515357 0.084286 0.007857 0.025714
0 0.510357 0.087619 0.009286 0.022857
0 0.621071 0.084762 0.009286 0.024762
