0 0.409643 0.083810 0.005000 0.013333
0 0.206786 0.226667 0.007857 0.015238
0 0.203214 0.230952 0.005000 0.012381
0 0.195714 0.229048 0.005714 0.012381
0 0.236429 0.130952 0.005714 0.014286
0 0.720000 0.693810 0.005714 0.020000
0 0.733571 0.692381 0.007143 0.019048
0 0.722857 0.657143 0.007143 0.013333
0 0.730357 0.552381 0.007857 0.015238
0 0.119643 0.390000 0.006429 0.016190
0 0.196071 0.316667 0.003571 0.012381
0 0.441071 0.653810 0.006429 0.018095
0 0.445000 0.855714 0.007143 0.023810
0 0.697500 0.984286 0.009286 0.018095
0 0.674286 0.507143 0.007143 0.018095
0 0.658571 0.502381 0.007143 0.016190
0 0.602143 0.499048 0.007143 0.013333
0 0.640000 0.437143 0.005714 0.015238
0 0.646071 0.429524 0.005000 0.017143
0 0.645714 0.420000 0.005714 0.011429
