0 0.202500 0.041878 0.006429 0.017766
0 0.207500 0.027919 0.006429 0.017766
0 0.225357 0.022843 0.007857 0.017766
0 0.234286 0.022843 0.005714 0.017766
0 0.235000 0.043147 0.007143 0.017766
0 0.332857 0.017766 0.005714 0.017766
0 0.320357 0.046320 0.005000 0.019036
0 0.337857 0.053299 0.005714 0.020305
0 0.327500 0.074873 0.005000 0.017766
0 0.320714 0.078046 0.004286 0.011421
0 0.320357 0.075508 0.003571 0.016497
0 0.482500 0.752538 0.007857 0.015228
0 0.483929 0.989213 0.007857 0.016497
0 0.481071 0.662437 0.006429 0.012690
0 0.477857 0.641497 0.007143 0.013959
0 0.557857 0.619924 0.005714 0.013959
0 0.626429 0.566624 0.008571 0.011421
0 0.607143 0.581218 0.007143 0.007614
0 0.630357 0.612310 0.006429 0.008883
0 0.625357 0.642766 0.007857 0.013959
0 0.632500 0.636421 0.005000 0.011421
0 0.635357 0.664975 0.005000 0.012690
0 0.628571 0.657360 0.007143 0.015228
0 0.675000 0.729061 0.005714 0.011421
0 0.751429 0.113579 0.005714 0.019036
0 0.743929 0.107234 0.005000 0.013959
0 0.851071 0.031726 0.005000 0.012690
