0 0.164643 0.307107 0.005000 0.012690
0 0.421429 0.090736 0.004286 0.011421
0 0.419643 0.100888 0.003571 0.013959
0 0.546071 0.076142 0.003571 0.015228
0 0.542857 0.085025 0.002857 0.010152
0 0.559286 0.010787 0.002857 0.013959
0 0.618571 0.342005 0.005714 0.011421
0 0.587500 0.397208 0.006429 0.012690
0 0.607143 0.370558 0.004286 0.017766
0 0.628214 0.360406 0.003571 0.015228
0 0.624286 0.557107 0.005714 0.015228
0 0.633571 0.571066 0.004286 0.017766
0 0.600000 0.484772 0.004286 0.012690
0 0.637500 0.567259 0.005000 0.015228
0 0.603929 0.481599 0.003571 0.011421
0 0.613929 0.526650 0.005000 0.015228
0 0.576429 0.008883 0.002857 0.015228
0 0.585000 0.008883 0.002857 0.012690
0 0.566429 0.006980 0.002857 0.013959
0 0.587857 0.005711 0.004286 0.011421
0 0.942500 0.484137 0.006429 0.011421
0 0.938571 0.479061 0.010000 0.013959
0 0.853929 0.769670 0.005000 0.013959
0 0.849643 0.770305 0.005000 0.007614
0 0.924643 0.659898 0.006429 0.015228
0 0.923214 0.675761 0.005000 0.011421
0 0.931786 0.387056 0.003571 0.015228
