0 0.259299 0.820134 0.026466 0.027672
0 0.065451 0.517653 0.035050 0.037214
0 0.448498 0.330153 0.014306 0.041985
0 0.710300 0.625477 0.024320 0.039122
0 0.720315 0.441317 0.024320 0.042939
0 0.750358 0.416031 0.027182 0.041985
0 0.440629 0.958015 0.028612 0.047710
0 0.600143 0.579198 0.017167 0.041985
0 0.796137 0.229962 0.012876 0.043893
0 0.827969 0.461832 0.025036 0.045802
0 0.864449 0.353053 0.027897 0.041985
0 0.821531 0.122615 0.017883 0.041031
0 0.916667 0.161737 0.019313 0.039122
0 0.927396 0.167462 0.022175 0.044847
0 0.836195 0.314885 0.018598 0.026718
0 0.852289 0.332538 0.016452 0.023855
0 0.812589 0.536737 0.024320 0.023855
0 0.604077 0.616412 0.032189 0.038168
