0 0.039643 0.055838 0.006429 0.020305
0 0.025000 0.133249 0.007143 0.015228
0 0.287857 0.424492 0.008571 0.021574
0 0.253214 0.537437 0.007857 0.016497
0 0.207143 0.636421 0.008571 0.021574
0 0.185000 0.682741 0.007143 0.015228
0 0.246429 0.731599 0.008571 0.013959
0 0.241071 0.767766 0.010714 0.020305
0 0.251786 0.875000 0.007857 0.019036
0 0.188929 0.852792 0.006429 0.015228
0 0.246429 0.874365 0.005714 0.017766
0 0.240714 0.752538 0.007143 0.017766
0 0.248929 0.723350 0.010714 0.015228
0 0.203571 0.641497 0.005714 0.019036
0 0.208929 0.526650 0.007857 0.022843
