0 0.391786 0.020939 0.002143 0.016497
0 0.423214 0.022843 0.002143 0.007614
0 0.457500 0.021574 0.002143 0.012690
0 0.424286 0.131345 0.002857 0.011421
0 0.428929 0.140228 0.003571 0.016497
0 0.434286 0.174492 0.002857 0.011421
0 0.435714 0.190355 0.002857 0.012690
0 0.563929 0.173858 0.003571 0.015228
0 0.570357 0.180203 0.003571 0.012690
0 0.572857 0.178934 0.004286 0.012690
0 0.577500 0.179569 0.003571 0.011421
0 0.701071 0.719543 0.005000 0.025381
0 0.707143 0.899112 0.007143 0.026650
0 0.440000 0.848350 0.005714 0.026650
0 0.438571 0.803934 0.004286 0.031726
0 0.426429 0.739213 0.005714 0.026650
0 0.450714 0.657995 0.005714 0.021574
0 0.466429 0.654822 0.004286 0.022843
0 0.450714 0.641497 0.004286 0.019036
0 0.450000 0.637690 0.004286 0.021574
0 0.455714 0.605330 0.004286 0.020305
0 0.460357 0.602792 0.003571 0.020305
0 0.453929 0.465736 0.003571 0.022843
0 0.346429 0.423223 0.004286 0.021574
0 0.249643 0.235406 0.003571 0.013959
0 0.257857 0.273477 0.002857 0.011421
0 0.261071 0.236041 0.003571 0.015228
0 0.303214 0.262056 0.003571 0.013959
0 0.331429 0.254442 0.002857 0.013959
0 0.332143 0.249365 0.004286 0.013959
0 0.325357 0.249365 0.003571 0.006345
0 0.337500 0.211294 0.003571 0.011421
0 0.339643 0.210660 0.003571 0.012690
0 0.368214 0.100254 0.002143 0.012690
0 0.333214 0.113579 0.003571 0.011421
0 0.392500 0.053299 0.002143 0.007614
