0 0.190357 0.246827 0.005000 0.019036
0 0.164286 0.309010 0.011429 0.021574
0 0.788929 0.865482 0.007857 0.025381
0 0.747857 0.795051 0.014286 0.029188
0 0.652143 0.877538 0.024286 0.019036
0 0.692500 0.722081 0.010714 0.017766
0 0.621786 0.702411 0.017857 0.011421
0 0.642857 0.619289 0.007143 0.015228
0 0.661071 0.567259 0.010714 0.017766
0 0.626429 0.560279 0.010000 0.019036
0 0.615357 0.541878 0.006429 0.020305
0 0.712143 0.543147 0.007143 0.022843
0 0.725000 0.502538 0.007143 0.015228
0 0.671071 0.446701 0.005000 0.017766
0 0.666071 0.458756 0.007857 0.011421
0 0.646786 0.418147 0.006429 0.019036
0 0.674286 0.425127 0.005714 0.015228
0 0.597500 0.436548 0.009286 0.017766
0 0.559643 0.465102 0.006429 0.021574
0 0.590357 0.402284 0.006429 0.022843
0 0.580000 0.409264 0.008571 0.021574
0 0.610000 0.342005 0.007143 0.013959
0 0.584643 0.362310 0.006429 0.011421
0 0.573214 0.328046 0.009286 0.019036
0 0.561429 0.288706 0.007143 0.019036
0 0.553929 0.262056 0.006429 0.019036
0 0.666429 0.325508 0.005714 0.021574
0 0.676071 0.281091 0.007857 0.021574
0 0.615000 0.274746 0.005714 0.016497
0 0.582500 0.267766 0.009286 0.020305
0 0.566786 0.242386 0.006429 0.017766
0 0.560000 0.235406 0.005714 0.016497
0 0.552143 0.204949 0.007143 0.016497
0 0.568214 0.208756 0.005000 0.021574
0 0.589286 0.231599 0.008571 0.019036
0 0.602857 0.230330 0.010000 0.024112
0 0.670000 0.229061 0.005714 0.016497
0 0.693214 0.239848 0.006429 0.025381
0 0.698929 0.223350 0.005000 0.017766
0 0.685714 0.203680 0.004286 0.016497
0 0.676071 0.157360 0.003571 0.017766
0 0.620357 0.168147 0.009286 0.011421
0 0.625357 0.143401 0.005000 0.017766
0 0.631071 0.127538 0.006429 0.013959
0 0.619286 0.130076 0.007143 0.019036
0 0.689643 0.115482 0.006429 0.020305
0 0.660714 0.102157 0.005714 0.016497
0 0.683214 0.063452 0.006429 0.020305
0 0.666786 0.027919 0.006429 0.020305
0 0.654643 0.053934 0.005000 0.013959
0 0.575357 0.039340 0.006429 0.017766
0 0.636071 0.626269 0.010714 0.016497
0 0.749286 0.593909 0.005714 0.020305
0 0.714643 0.541244 0.006429 0.019036
0 0.628214 0.359137 0.007857 0.012690
0 0.621071 0.354061 0.003571 0.012690
0 0.614643 0.365482 0.006429 0.017766
0 0.681071 0.331853 0.006429 0.016497
0 0.619286 0.257614 0.005714 0.022843
0 0.634286 0.262056 0.005714 0.016497
0 0.629286 0.250000 0.007143 0.015228
0 0.623214 0.244924 0.005000 0.015228
0 0.681786 0.204315 0.005000 0.020305
0 0.675357 0.211294 0.005000 0.019036
0 0.672857 0.157995 0.004286 0.019036
0 0.580714 0.036168 0.005714 0.016497
0 0.656786 0.098985 0.003571 0.015228
0 0.620000 0.693528 0.018571 0.016497
