0 0.429643 0.849048 0.005000 0.016190
0 0.433929 0.060000 0.002143 0.005714
0 0.468571 0.007143 0.001429 0.006667
0 0.608929 0.247619 0.002143 0.011429
0 0.605000 0.247143 0.002857 0.006667
0 0.598929 0.247619 0.002143 0.005714
0 0.596429 0.247143 0.001429 0.008571
0 0.612143 0.266190 0.001429 0.008571
0 0.615000 0.267143 0.001429 0.006667
0 0.540000 0.040952 0.001429 0.005714
0 0.537500 0.041429 0.002143 0.004762
0 0.587500 0.182857 0.002143 0.005714
0 0.699643 0.547619 0.003571 0.015238
0 0.707143 0.556190 0.004286 0.020952
0 0.632500 0.272381 0.002143 0.005714
