0 0.057500 0.024286 0.005000 0.010476
0 0.164643 0.024286 0.005000 0.018095
0 0.226071 0.112381 0.009286 0.020952
0 0.239286 0.127619 0.004286 0.020952
0 0.247500 0.129048 0.005000 0.018095
0 0.204286 0.239048 0.011429 0.020952
0 0.186429 0.296667 0.008571 0.023810
0 0.168929 0.314762 0.010714 0.018095
0 0.113571 0.446667 0.014286 0.028571
0 0.107143 0.440000 0.008571 0.022857
0 0.464286 0.288571 0.010000 0.017143
0 0.917857 0.086190 0.008571 0.018095
0 0.795357 0.857143 0.013571 0.024762
0 0.759286 0.958095 0.015714 0.034286
