0 0.870357 0.777143 0.032143 0.043810
0 0.558929 0.700476 0.025000 0.050476
0 0.144643 0.361905 0.027857 0.049524
0 0.117143 0.618095 0.038571 0.040000
0 0.120357 0.609048 0.025000 0.044762
0 0.446071 0.577143 0.019286 0.051429
0 0.398214 0.624286 0.022143 0.048571
0 0.571786 0.678571 0.022143 0.037143
0 0.540357 0.583810 0.015000 0.053333
0 0.647500 0.603333 0.023571 0.054286
0 0.611071 0.655238 0.017857 0.045714
0 0.690000 0.591429 0.022857 0.045714
0 0.698214 0.519048 0.019286 0.043810
0 0.808929 0.563333 0.026429 0.052381
