0 0.107857 0.384518 0.007143 0.010152
0 0.148214 0.394670 0.005000 0.007614
0 0.252143 0.107868 0.004286 0.012690
0 0.250357 0.095178 0.005000 0.007614
0 0.218571 0.113579 0.002857 0.006345
0 0.406071 0.040609 0.005000 0.015228
0 0.410714 0.042513 0.004286 0.011421
0 0.220357 0.366751 0.003571 0.007614
0 0.194286 0.414975 0.007143 0.007614
0 0.160000 0.703046 0.005714 0.010152
0 0.896429 0.993020 0.005714 0.006345
0 0.875714 0.801396 0.005714 0.008883
0 0.869286 0.776650 0.004286 0.010152
0 0.890357 0.276015 0.006429 0.011421
0 0.005000 0.396574 0.005714 0.013959
