0 0.839286 0.846190 0.051429 0.119048
0 0.773571 0.826667 0.057143 0.120000
0 0.254286 0.719524 0.031429 0.098095
0 0.441071 0.480000 0.029286 0.053333
0 0.456429 0.403810 0.015714 0.076190
0 0.525000 0.323810 0.018571 0.066667
0 0.545357 0.327619 0.017857 0.055238
0 0.549286 0.275714 0.014286 0.048571
0 0.469643 0.260000 0.016429 0.038095
0 0.249643 0.101905 0.013571 0.030476
0 0.636786 0.093333 0.005000 0.009524
0 0.642500 0.092381 0.006429 0.015238
0 0.627857 0.091429 0.005714 0.013333
0 0.620000 0.090952 0.004286 0.012381
0 0.649643 0.210952 0.010714 0.031429
