0 0.020357 0.144286 0.017857 0.023810
0 0.049286 0.377619 0.017143 0.014286
0 0.403214 0.075238 0.007857 0.022857
0 0.406071 0.356190 0.010714 0.020952
0 0.393571 0.447619 0.012857 0.019048
0 0.383929 0.453333 0.009286 0.020952
0 0.372857 0.452381 0.008571 0.015238
0 0.358571 0.447619 0.011429 0.017143
0 0.331071 0.481905 0.010714 0.015238
0 0.305357 0.400000 0.015000 0.017143
0 0.301071 0.419524 0.015000 0.016190
0 0.420714 0.448095 0.012857 0.016190
0 0.562500 0.435238 0.007857 0.017143
0 0.578929 0.538571 0.007857 0.012381
0 0.368214 0.941905 0.012143 0.013333
0 0.388571 0.958095 0.010000 0.020952
0 0.399286 0.960000 0.012857 0.024762
