0 0.211071 0.057143 0.013571 0.028571
0 0.164643 0.030000 0.012143 0.031429
0 0.049286 0.080000 0.015714 0.030476
0 0.278214 0.288095 0.013571 0.023810
0 0.282143 0.267619 0.008571 0.019048
0 0.281071 0.212381 0.013571 0.026667
0 0.265357 0.203333 0.012143 0.029524
0 0.276429 0.255238 0.011429 0.024762
0 0.172143 0.318571 0.014286 0.016190
0 0.175000 0.313333 0.014286 0.026667
0 0.189643 0.359048 0.016429 0.028571
0 0.178571 0.387143 0.017143 0.029524
0 0.035714 0.361905 0.021429 0.028571
0 0.872857 0.030476 0.008571 0.026667
0 0.866071 0.032381 0.007857 0.024762
0 0.870357 0.027143 0.006429 0.025714
0 0.879286 0.031905 0.011429 0.023810
0 0.752143 0.038095 0.011429 0.026667
0 0.745714 0.038571 0.008571 0.031429
0 0.770714 0.038571 0.007143 0.023810
0 0.841429 0.112381 0.011429 0.032381
0 0.807143 0.053333 0.007143 0.030476
0 0.863929 0.574762 0.013571 0.016190
0 0.857500 0.565714 0.013571 0.017143
0 0.263929 0.476190 0.015000 0.028571
0 0.276071 0.586667 0.013571 0.024762
0 0.140714 0.528571 0.021429 0.030476
0 0.242500 0.854286 0.016429 0.024762
0 0.078929 0.946190 0.032143 0.020000
0 0.083571 0.862381 0.017143 0.016190
0 0.069286 0.864286 0.020000 0.021905
0 0.250000 0.590952 0.015714 0.025714
0 0.260000 0.587143 0.017143 0.023810
0 0.127500 0.516190 0.017857 0.022857
0 0.119286 0.516190 0.011429 0.019048
