0 0.479645 0.676716 0.010438 0.021336
0 0.482516 0.609462 0.006785 0.025974
0 0.489040 0.473098 0.006263 0.018553
0 0.494520 0.468460 0.007829 0.016698
0 0.500522 0.458720 0.007307 0.028757
0 0.571503 0.343228 0.006263 0.025974
0 0.581159 0.339518 0.004697 0.027829
0 0.591336 0.329777 0.006263 0.019481
0 0.518789 0.322820 0.006263 0.018553
0 0.533142 0.296846 0.006785 0.024119
0 0.479906 0.278757 0.004697 0.015770
0 0.481733 0.275510 0.004175 0.018553
0 0.495303 0.174397 0.004175 0.020408
0 0.514614 0.127087 0.004175 0.018553
0 0.511743 0.127087 0.004697 0.016698
0 0.510177 0.057050 0.003653 0.015770
0 0.498695 0.059369 0.004697 0.012987
0 0.497390 0.056122 0.003132 0.015770
0 0.493215 0.057978 0.003132 0.010204
0 0.491910 0.057050 0.003653 0.013915
0 0.495825 0.043135 0.003132 0.010204
0 0.522704 0.021336 0.002610 0.012987
0 0.585334 0.097403 0.005741 0.016698
0 0.532359 0.035714 0.004175 0.015770
0 0.799843 0.591373 0.009916 0.023191
0 0.807411 0.586271 0.009395 0.022263
0 0.920929 0.218924 0.006785 0.016698
0 0.894050 0.236085 0.006263 0.008349
0 0.878132 0.183673 0.005741 0.014842
0 0.862213 0.160482 0.005219 0.020408
0 0.867693 0.160946 0.006785 0.021336
0 0.861430 0.148887 0.004697 0.017625
0 0.795929 0.125232 0.004175 0.016698
0 0.694154 0.270872 0.004175 0.025974
0 0.671190 0.358534 0.009395 0.017625
0 0.729123 0.333952 0.006263 0.022263
0 0.732777 0.321429 0.007307 0.021336
0 0.752088 0.317254 0.008351 0.018553
0 0.767223 0.326994 0.006263 0.026902
0 0.709551 0.017625 0.002610 0.011132
0 0.710073 0.018553 0.002610 0.007421
