0 0.819643 0.823810 0.026429 0.083810
0 0.562857 0.849048 0.025714 0.084762
0 0.635357 0.846667 0.019286 0.089524
0 0.608571 0.786190 0.025714 0.075238
0 0.616429 0.833333 0.032857 0.068571
0 0.389643 0.905238 0.039286 0.069524
0 0.853929 0.619524 0.030714 0.054286
0 0.201071 0.321905 0.010714 0.028571
0 0.199643 0.313333 0.009286 0.032381
0 0.197500 0.339048 0.010714 0.032381
0 0.230357 0.342857 0.012143 0.032381
0 0.304286 0.265238 0.010000 0.023810
0 0.282857 0.291905 0.010000 0.029524
0 0.259286 0.327143 0.011429 0.031429
0 0.216786 0.349048 0.013571 0.029524
0 0.210357 0.347619 0.015000 0.030476
0 0.216786 0.336667 0.013571 0.037143
0 0.208571 0.335714 0.011429 0.029524
0 0.162500 0.354762 0.012143 0.031429
0 0.182857 0.357143 0.015714 0.038095
0 0.172857 0.347143 0.011429 0.031429
0 0.168571 0.357143 0.014286 0.034286
0 0.160714 0.360952 0.011429 0.026667
0 0.147857 0.363810 0.012857 0.022857
0 0.139643 0.359048 0.015000 0.034286
0 0.251786 0.337143 0.015000 0.032381
0 0.293571 0.316667 0.011429 0.021905
0 0.345714 0.320952 0.010000 0.038095
0 0.407500 0.320000 0.010714 0.032381
0 0.458214 0.242381 0.006429 0.018095
0 0.428929 0.173810 0.003571 0.010476
0 0.355357 0.210000 0.003571 0.014286
0 0.359643 0.210000 0.003571 0.016190
0 0.413214 0.164762 0.003571 0.011429
0 0.516071 0.340952 0.012143 0.032381
0 0.546071 0.279524 0.010714 0.025714
0 0.610000 0.318571 0.011429 0.035238
0 0.652857 0.297619 0.012857 0.031429
0 0.561429 0.327619 0.007143 0.032381
0 0.568571 0.325238 0.008571 0.033333
0 0.603571 0.323810 0.008571 0.026667
0 0.777857 0.295714 0.011429 0.023810
