0 0.819643 0.960952 0.017857 0.055238
0 0.823929 0.952857 0.013571 0.050476
0 0.457500 0.865238 0.009286 0.040952
0 0.226071 0.842857 0.009286 0.036190
0 0.217500 0.842857 0.009286 0.038095
0 0.122143 0.694286 0.005714 0.022857
0 0.147857 0.624286 0.004286 0.016190
0 0.153214 0.624286 0.003571 0.014286
0 0.158929 0.616667 0.003571 0.014286
0 0.162500 0.618571 0.002143 0.008571
0 0.165714 0.616190 0.002857 0.013333
0 0.086429 0.605714 0.004286 0.013333
0 0.077500 0.602857 0.005000 0.015238
0 0.053214 0.545714 0.002143 0.007619
0 0.051071 0.546190 0.002143 0.004762
0 0.044643 0.542381 0.002143 0.006667
0 0.042857 0.542857 0.001429 0.005714
0 0.195714 0.724286 0.007143 0.021905
0 0.071071 0.550000 0.002143 0.008571
0 0.066786 0.549048 0.002143 0.006667
0 0.058214 0.550000 0.002143 0.006667
