0 0.181786 0.736667 0.005000 0.016190
0 0.118571 0.594762 0.002857 0.008571
0 0.121429 0.595714 0.002857 0.008571
0 0.135357 0.592381 0.002143 0.009524
0 0.133214 0.592381 0.002143 0.009524
0 0.130714 0.592857 0.002857 0.010476
0 0.141786 0.599048 0.002143 0.007619
0 0.144643 0.616667 0.002143 0.004762
0 0.439286 0.881429 0.010000 0.020000
0 0.602143 0.933810 0.010000 0.035238
0 0.868571 0.750952 0.005714 0.020000
0 0.719286 0.716190 0.004286 0.019048
0 0.764286 0.700952 0.005714 0.019048
0 0.980000 0.678571 0.004286 0.014286
0 0.952500 0.727619 0.003571 0.013333
0 0.947143 0.726190 0.005714 0.016190
0 0.924643 0.645238 0.002143 0.010476
0 0.929286 0.648095 0.001429 0.012381
0 0.932143 0.649048 0.002857 0.010476
