0 0.504643 0.641429 0.016429 0.075238
0 0.523214 0.640952 0.016429 0.076190
0 0.505714 0.386190 0.011429 0.046667
0 0.482857 0.359048 0.007143 0.036190
0 0.474643 0.357143 0.009286 0.036190
0 0.476071 0.259048 0.006429 0.022857
0 0.468929 0.257619 0.006429 0.018095
0 0.474643 0.232381 0.005000 0.013333
0 0.484286 0.241429 0.005714 0.016190
0 0.488929 0.240476 0.005000 0.014286
0 0.499286 0.239048 0.005714 0.017143
0 0.771429 0.486190 0.017143 0.063810
0 0.877857 0.674762 0.032857 0.075238
0 0.666429 0.339048 0.008571 0.032381
0 0.676071 0.340952 0.009286 0.034286
0 0.966786 0.614762 0.026429 0.065714
0 0.990000 0.634762 0.017143 0.037143
