0 0.630714 0.508883 0.007143 0.017766
0 0.491786 0.340736 0.003571 0.016497
0 0.484286 0.383249 0.004286 0.017766
0 0.512500 0.323604 0.005000 0.015228
0 0.499286 0.192893 0.002857 0.012690
0 0.506786 0.192893 0.003571 0.015228
0 0.501786 0.177030 0.003571 0.013959
0 0.480714 0.132614 0.002857 0.011421
0 0.543214 0.082487 0.003571 0.015228
0 0.550714 0.085660 0.002857 0.013959
0 0.566071 0.086929 0.003571 0.013959
0 0.511786 0.059010 0.002143 0.013959
0 0.520357 0.046954 0.003571 0.015228
0 0.535714 0.015228 0.002857 0.012690
0 0.514286 0.029188 0.002857 0.012690
0 0.318929 0.181472 0.003571 0.015228
0 0.319286 0.130711 0.004286 0.012690
0 0.113929 0.342005 0.005000 0.016497
0 0.155357 0.320431 0.003571 0.013959
0 0.117143 0.270939 0.004286 0.013959
0 0.124286 0.254442 0.004286 0.013959
0 0.129286 0.246193 0.004286 0.012690
0 0.129643 0.239848 0.005000 0.012690
0 0.133929 0.241751 0.005000 0.013959
0 0.136786 0.241117 0.005000 0.015228
0 0.137500 0.251904 0.005000 0.013959
0 0.146429 0.241117 0.005714 0.015228
0 0.151071 0.246193 0.005000 0.015228
0 0.157500 0.247462 0.005000 0.012690
0 0.165357 0.241751 0.005000 0.019036
0 0.170000 0.243020 0.004286 0.013959
0 0.172143 0.247462 0.004286 0.015228
0 0.086786 0.293782 0.006429 0.016497
0 0.209286 0.256345 0.005714 0.015228
0 0.219286 0.260152 0.005714 0.015228
0 0.246429 0.263325 0.005714 0.013959
0 0.246071 0.260152 0.005000 0.015228
0 0.251429 0.258249 0.005714 0.016497
0 0.617500 0.129442 0.003571 0.015228
