0 0.516429 0.642857 0.021429 0.045714
0 0.856429 0.388571 0.024286 0.045714
0 0.875000 0.390952 0.024286 0.048571
0 0.241429 0.336190 0.017143 0.047619
0 0.239643 0.326667 0.010714 0.024762
0 0.183929 0.351429 0.020714 0.043810
0 0.191429 0.308095 0.020000 0.046667
0 0.173929 0.304762 0.020714 0.045714
0 0.211071 0.368095 0.013571 0.042857
0 0.254286 0.249524 0.015714 0.043810
0 0.315714 0.210476 0.015714 0.041905
0 0.237500 0.235238 0.020714 0.041905
0 0.372857 0.089524 0.011429 0.038095
0 0.352500 0.096667 0.010714 0.039048
0 0.337500 0.109048 0.007857 0.018095
0 0.332857 0.089524 0.008571 0.034286
0 0.498214 0.206667 0.009286 0.041905
0 0.736071 0.072381 0.013571 0.040000
0 0.768571 0.095714 0.014286 0.029524
0 0.925357 0.280952 0.025000 0.034286
