0 0.410500 0.845333 0.016000 0.041333
0 0.409750 0.810000 0.016500 0.030667
0 0.074750 0.611000 0.020500 0.035333
0 0.217000 0.527000 0.013000 0.032667
0 0.255500 0.362333 0.013000 0.030000
0 0.292250 0.318333 0.008500 0.020667
0 0.249000 0.541000 0.017000 0.030000
0 0.235500 0.550333 0.008000 0.016667
0 0.265500 0.549667 0.014000 0.024667
0 0.265000 0.518667 0.008000 0.020000
0 0.255750 0.507333 0.010500 0.025333
0 0.282250 0.465333 0.010500 0.026667
0 0.369750 0.145667 0.005500 0.020667
0 0.368750 0.062333 0.012500 0.016667
0 0.393000 0.045667 0.003000 0.010000
0 0.450250 0.075333 0.003500 0.013333
0 0.439500 0.063667 0.004000 0.014000
0 0.469500 0.109333 0.005000 0.017333
0 0.472000 0.130333 0.004000 0.019333
0 0.405750 0.156000 0.004500 0.018667
0 0.412000 0.155333 0.005000 0.018667
0 0.391250 0.275667 0.007500 0.027333
0 0.548000 0.413000 0.007000 0.024667
0 0.507500 0.400000 0.008000 0.020000
0 0.497750 0.413333 0.010500 0.021333
0 0.485500 0.435667 0.007000 0.028667
0 0.532250 0.443333 0.009500 0.032000
0 0.362250 0.457667 0.013500 0.028667
0 0.303250 0.524667 0.012500 0.033333
0 0.337750 0.529667 0.017500 0.030000
0 0.371000 0.571333 0.013000 0.030667
0 0.377500 0.532333 0.016000 0.028667
0 0.390500 0.547000 0.012000 0.027333
0 0.422250 0.538667 0.011500 0.030667
0 0.416500 0.517000 0.009000 0.032667
0 0.474750 0.524000 0.012500 0.034667
0 0.582500 0.541000 0.010000 0.026000
0 0.701000 0.556667 0.013000 0.026667
0 0.700000 0.532667 0.008000 0.022667
0 0.682250 0.441000 0.008500 0.022000
0 0.696000 0.455000 0.009000 0.024667
0 0.714500 0.434333 0.008000 0.026000
0 0.941250 0.599667 0.016500 0.024667
0 0.950250 0.590000 0.019500 0.020000
0 0.782000 0.536333 0.010000 0.020667
0 0.930000 0.449667 0.016000 0.023333
