0 0.837500 0.334391 0.006429 0.021574
0 0.845357 0.216371 0.005000 0.019036
0 0.842857 0.358503 0.005714 0.021574
0 0.850357 0.384518 0.007857 0.027919
0 0.830357 0.392766 0.006429 0.026650
0 0.823929 0.388325 0.006429 0.022843
0 0.822143 0.404188 0.007143 0.024112
0 0.833214 0.211929 0.006429 0.022843
0 0.835357 0.196066 0.006429 0.019036
0 0.805000 0.171320 0.004286 0.020305
0 0.811429 0.035533 0.004286 0.017766
0 0.816071 0.034898 0.003571 0.016497
0 0.793929 0.565355 0.007857 0.024112
0 0.806429 0.571066 0.008571 0.027919
0 0.814286 0.581853 0.004286 0.016497
0 0.817857 0.587563 0.007143 0.030457
0 0.772500 0.642132 0.009286 0.027919
0 0.740357 0.828680 0.009286 0.030457
0 0.750714 0.866751 0.007143 0.027919
0 0.652500 0.276650 0.006429 0.027919
0 0.281429 0.939721 0.010000 0.039340
