0 0.804286 0.679569 0.011429 0.026650
0 0.842143 0.646574 0.010000 0.024112
0 0.902500 0.750635 0.012143 0.031726
0 0.900000 0.903553 0.012857 0.030457
0 0.893571 0.875000 0.008571 0.031726
0 0.727500 0.232234 0.006429 0.020305
0 0.729643 0.226523 0.003571 0.016497
0 0.736071 0.228426 0.003571 0.017766
0 0.754643 0.227792 0.006429 0.021574
0 0.151071 0.204949 0.007857 0.016497
0 0.131786 0.102157 0.005000 0.016497
0 0.156071 0.318528 0.005000 0.017766
0 0.183214 0.412437 0.006429 0.020305
0 0.236786 0.338832 0.007857 0.022843
0 0.216786 0.321066 0.006429 0.015228
0 0.310000 0.250635 0.007143 0.021574
0 0.240357 0.027919 0.005000 0.017766
0 0.189643 0.017132 0.005000 0.016497
0 0.162500 0.036802 0.005000 0.017766
0 0.166429 0.035533 0.004286 0.020305
0 0.197857 0.029188 0.004286 0.015228
0 0.199286 0.030457 0.005714 0.020305
0 0.155000 0.304569 0.005714 0.015228
