0 0.055714 0.222716 0.012857 0.026650
0 0.522857 0.066624 0.007143 0.024112
0 0.517143 0.065990 0.005714 0.020305
0 0.512500 0.069797 0.005000 0.020305
0 0.508571 0.076142 0.005714 0.022843
0 0.136786 0.524746 0.010714 0.024112
0 0.130714 0.536802 0.012857 0.027919
0 0.097857 0.393401 0.012857 0.030457
0 0.089643 0.403553 0.015000 0.027919
0 0.102857 0.466371 0.015714 0.034264
0 0.188571 0.167513 0.008571 0.025381
0 0.306786 0.027284 0.005000 0.024112
0 0.310357 0.031091 0.006429 0.024112
0 0.320714 0.027284 0.008571 0.029188
0 0.318571 0.026015 0.010000 0.029188
0 0.316786 0.021574 0.007857 0.030457
