0 0.029286 0.972381 0.012857 0.013333
0 0.122143 0.978571 0.012857 0.010476
0 0.134286 0.993810 0.014286 0.008571
0 0.244286 0.701905 0.008571 0.019048
0 0.278214 0.563333 0.010714 0.014286
0 0.288929 0.570952 0.005000 0.008571
0 0.232857 0.571905 0.007143 0.010476
0 0.246429 0.566190 0.007143 0.008571
0 0.253929 0.473810 0.007857 0.016190
0 0.242857 0.421429 0.010000 0.012381
0 0.250357 0.417619 0.007857 0.010476
0 0.251786 0.386667 0.007857 0.011429
0 0.256071 0.388095 0.006429 0.014286
0 0.323214 0.087619 0.007857 0.011429
0 0.670714 0.930952 0.007143 0.008571
0 0.661786 0.930000 0.006429 0.010476
0 0.682857 0.882857 0.010000 0.013333
0 0.578929 0.599048 0.006429 0.011429
0 0.588929 0.580952 0.006429 0.013333
0 0.581786 0.534286 0.006429 0.011429
0 0.614643 0.512381 0.005000 0.013333
0 0.619643 0.503810 0.006429 0.017143
0 0.781786 0.830952 0.010714 0.008571
0 0.789286 0.842381 0.008571 0.006667
0 0.748571 0.763333 0.008571 0.008571
0 0.809643 0.751905 0.010714 0.010476
0 0.849643 0.708095 0.007857 0.008571
0 0.857500 0.689048 0.007857 0.008571
0 0.920000 0.430952 0.007143 0.010476
0 0.655714 0.756667 0.007143 0.014286
0 0.652857 0.658095 0.007143 0.013333
0 0.662500 0.622381 0.007857 0.012381
0 0.586429 0.473810 0.008571 0.014286
0 0.563929 0.442381 0.007857 0.014286
0 0.565714 0.238095 0.007143 0.017143
0 0.534286 0.205238 0.005714 0.014286
0 0.531429 0.183333 0.005714 0.016190
0 0.491071 0.150952 0.005000 0.014286
0 0.491429 0.072857 0.005714 0.018095
0 0.466071 0.049048 0.005000 0.016190
0 0.458929 0.043810 0.005000 0.017143
0 0.506071 0.044286 0.005000 0.018095
0 0.509643 0.054762 0.006429 0.012381
0 0.512500 0.043810 0.005000 0.011429
0 0.473214 0.017143 0.005000 0.017143
0 0.472500 0.011905 0.005000 0.014286
0 0.474643 0.007143 0.003571 0.014286
0 0.504286 0.020952 0.004286 0.017143
