0 0.057143 0.201429 0.002857 0.006667
0 0.072857 0.208095 0.001429 0.006667
0 0.073214 0.966190 0.015000 0.040952
0 0.634643 0.607143 0.007857 0.025714
0 0.628214 0.612857 0.006429 0.027619
0 0.577143 0.633810 0.007143 0.021905
0 0.759286 0.703810 0.010000 0.030476
0 0.687857 0.656190 0.014286 0.036190
0 0.820357 0.576190 0.010714 0.034286
0 0.841786 0.631429 0.012143 0.036190
0 0.762857 0.739524 0.012857 0.020000
0 0.140714 0.279048 0.005714 0.005714
0 0.113929 0.254762 0.003571 0.008571
0 0.069286 0.210000 0.002857 0.002857
0 0.039643 0.180476 0.003571 0.004762
0 0.045357 0.184286 0.003571 0.002857
