0 0.506429 0.541429 0.017143 0.060000
0 0.920357 0.755714 0.027857 0.092381
0 0.463571 0.480952 0.014286 0.047619
0 0.473571 0.490476 0.014286 0.032381
0 0.439286 0.470000 0.017143 0.033333
0 0.364643 0.441429 0.010714 0.035238
0 0.533571 0.484286 0.020000 0.054286
0 0.696071 0.460476 0.015000 0.035238
0 0.901429 0.430000 0.012857 0.037143
0 0.983214 0.556190 0.016429 0.053333
0 0.967500 0.550476 0.016429 0.059048
0 0.952857 0.547143 0.014286 0.052381
0 0.941429 0.543333 0.011429 0.056190
0 0.941429 0.538571 0.015714 0.054286
0 0.960714 0.529048 0.017143 0.060000
0 0.991786 0.551429 0.015000 0.047619
0 0.980000 0.549048 0.014286 0.056190
