0 0.775357 0.420051 0.007857 0.020305
0 0.780357 0.413706 0.007857 0.020305
0 0.825357 0.274112 0.005000 0.017766
0 0.818214 0.247462 0.006429 0.020305
0 0.811071 0.237310 0.005000 0.017766
0 0.837143 0.215736 0.007143 0.020305
0 0.858929 0.149112 0.006429 0.019036
0 0.849643 0.149112 0.006429 0.021574
0 0.792143 0.769036 0.010000 0.038071
0 0.804286 0.901650 0.010000 0.036802
0 0.497500 0.357868 0.006429 0.025381
0 0.655714 0.147843 0.004286 0.021574
0 0.731786 0.055838 0.003571 0.017766
0 0.666429 0.160533 0.005714 0.021574
0 0.734643 0.055838 0.005000 0.015228
0 0.740000 0.056472 0.004286 0.011421
0 0.706071 0.100254 0.003571 0.020305
0 0.657143 0.027284 0.005714 0.016497
