0 0.092857 0.356599 0.004286 0.012690
0 0.006429 0.584391 0.005714 0.006345
0 0.006429 0.755076 0.005714 0.010152
0 0.870357 0.005711 0.003571 0.008883
0 0.857857 0.061548 0.002857 0.011421
0 0.886786 0.016497 0.003571 0.007614
0 0.890714 0.012690 0.002857 0.007614
0 0.894286 0.020305 0.002857 0.007614
0 0.898929 0.021574 0.003571 0.007614
0 0.903571 0.024746 0.002857 0.006345
0 0.915357 0.024746 0.003571 0.011421
0 0.776429 0.184010 0.004286 0.010152
0 0.771429 0.192259 0.002857 0.008883
0 0.807143 0.344543 0.005714 0.011421
0 0.812857 0.347716 0.004286 0.010152
0 0.820357 0.346447 0.003571 0.010152
0 0.822500 0.335025 0.003571 0.010152
0 0.828571 0.338832 0.004286 0.012690
0 0.677500 0.315990 0.002143 0.007614
0 0.679286 0.316624 0.002857 0.008883
0 0.692857 0.308376 0.002857 0.010152
0 0.666786 0.346447 0.002143 0.007614
0 0.641786 0.355330 0.003571 0.010152
0 0.648214 0.394036 0.003571 0.008883
0 0.728571 0.184645 0.002857 0.008883
0 0.720357 0.201777 0.003571 0.010152
0 0.526786 0.209391 0.002143 0.010152
0 0.569643 0.279822 0.002143 0.008883
0 0.481786 0.111675 0.002143 0.010152
0 0.085714 0.130711 0.004286 0.012690
0 0.088214 0.128173 0.003571 0.007614
