0 0.425357 0.514286 0.006429 0.017143
0 0.458571 0.053810 0.004286 0.014286
0 0.435714 0.108571 0.004286 0.013333
0 0.439286 0.108571 0.004286 0.017143
0 0.400714 0.743810 0.007143 0.013333
0 0.407143 0.738571 0.010000 0.018095
0 0.416429 0.736190 0.005714 0.013333
0 0.417143 0.726190 0.007143 0.012381
0 0.424286 0.728571 0.007143 0.015238
0 0.765357 0.898571 0.016429 0.012381
0 0.472143 0.364286 0.005714 0.012381
0 0.486071 0.504286 0.006429 0.010476
0 0.487500 0.500476 0.005000 0.012381
0 0.592500 0.987619 0.010714 0.011429
0 0.653571 0.976190 0.011429 0.022857
0 0.480357 0.200000 0.003571 0.009524
0 0.480357 0.173810 0.003571 0.010476
0 0.483214 0.120952 0.003571 0.009524
0 0.538214 0.383333 0.006429 0.010476
