0 0.416071 0.101429 0.009286 0.020000
0 0.066786 0.426190 0.012143 0.035238
0 0.061071 0.420476 0.012143 0.035238
0 0.582143 0.060476 0.005714 0.016190
0 0.572857 0.060000 0.004286 0.017143
0 0.566429 0.056190 0.004286 0.019048
0 0.558571 0.052381 0.004286 0.017143
0 0.564286 0.052857 0.005714 0.020000
0 0.574286 0.056190 0.005714 0.019048
0 0.502857 0.022857 0.004286 0.017143
0 0.490357 0.014286 0.003571 0.015238
0 0.671786 0.310952 0.010714 0.037143
0 0.697143 0.300476 0.010000 0.031429
0 0.775357 0.337143 0.009286 0.034286
0 0.767500 0.333333 0.010714 0.034286
0 0.855714 0.295714 0.014286 0.031429
0 0.856429 0.172857 0.010000 0.025714
0 0.565000 0.502857 0.011429 0.041905
