0 0.870000 0.429048 0.015714 0.020000
0 0.892857 0.341905 0.014286 0.022857
0 0.858214 0.333810 0.013571 0.016190
0 0.866071 0.321905 0.010714 0.017143
0 0.902500 0.293810 0.013571 0.025714
0 0.908571 0.253333 0.014286 0.019048
0 0.911429 0.228095 0.012857 0.025714
0 0.946071 0.145238 0.012143 0.020000
0 0.937857 0.090000 0.011429 0.021905
0 0.936429 0.051905 0.012857 0.023810
0 0.775714 0.863333 0.011429 0.018095
0 0.703571 0.874286 0.012857 0.013333
0 0.642857 0.250476 0.012857 0.028571
0 0.474286 0.232381 0.010000 0.026667
0 0.490357 0.202857 0.009286 0.026667
