0 0.414286 0.248571 0.004286 0.009524
0 0.413571 0.241905 0.004286 0.007619
0 0.418214 0.231905 0.005000 0.010476
0 0.422857 0.227619 0.004286 0.009524
0 0.421786 0.223333 0.003571 0.010476
0 0.421071 0.220000 0.003571 0.011429
0 0.308571 0.270952 0.004286 0.008571
0 0.310714 0.269048 0.004286 0.008571
0 0.298929 0.251429 0.005000 0.009524
0 0.296786 0.255714 0.003571 0.008571
0 0.290714 0.251429 0.004286 0.007619
0 0.288214 0.249048 0.003571 0.010476
0 0.680357 0.023810 0.005000 0.013333
0 0.699643 0.028095 0.003571 0.008571
0 0.703929 0.025714 0.003571 0.013333
0 0.706429 0.023333 0.004286 0.012381
