0 0.155000 0.839524 0.024286 0.027619
0 0.246429 0.009048 0.007143 0.008571
0 0.602143 0.416667 0.015714 0.042857
0 0.526071 0.480000 0.016429 0.043810
0 0.542857 0.486667 0.011429 0.049524
0 0.017500 0.010000 0.009286 0.020000
0 0.280357 0.076190 0.009286 0.028571
0 0.420357 0.133333 0.009286 0.028571
0 0.436786 0.151429 0.007857 0.030476
0 0.447500 0.137143 0.010714 0.026667
0 0.401429 0.132857 0.007143 0.029524
0 0.389286 0.100476 0.008571 0.027619
0 0.396071 0.074286 0.007857 0.028571
0 0.390714 0.087143 0.005714 0.025714
0 0.367143 0.029524 0.005714 0.022857
0 0.381786 0.040952 0.005000 0.020952
0 0.468929 0.325238 0.010714 0.031429
0 0.525000 0.241429 0.008571 0.031429
0 0.496429 0.202857 0.014286 0.026667
0 0.541786 0.333810 0.010714 0.033333
0 0.501071 0.279048 0.013571 0.043810
0 0.515714 0.180952 0.012857 0.034286
0 0.492143 0.169048 0.008571 0.029524
0 0.493929 0.140476 0.007857 0.021905
0 0.551071 0.296190 0.013571 0.024762
0 0.803214 0.285238 0.012143 0.023810
0 0.752143 0.158571 0.008571 0.029524
0 0.943214 0.248095 0.013571 0.029524
