0 0.749478 0.498145 0.014614 0.033395
0 0.772704 0.307050 0.007829 0.031540
0 0.771921 0.294527 0.007307 0.028757
0 0.778445 0.309369 0.010960 0.026902
0 0.533142 0.046382 0.004697 0.014842
0 0.492954 0.093228 0.004697 0.015770
0 0.492954 0.091373 0.005741 0.017625
0 0.452244 0.400742 0.008873 0.029685
0 0.452766 0.390538 0.008873 0.031540
0 0.538361 0.592764 0.006785 0.033395
0 0.540449 0.685065 0.007829 0.032468
0 0.539405 0.712894 0.006785 0.032468
0 0.229384 0.985158 0.014092 0.027829
0 0.241649 0.632189 0.011482 0.034323
0 0.243476 0.591373 0.013048 0.032468
0 0.299843 0.398423 0.007829 0.034323
0 0.294363 0.391002 0.006263 0.032468
0 0.293841 0.448980 0.009395 0.024119
0 0.127610 0.726809 0.016180 0.032468
0 0.143267 0.834416 0.008873 0.015770
0 0.144833 0.567718 0.014092 0.024119
0 0.156837 0.552412 0.010960 0.038033
0 0.165449 0.523655 0.012526 0.036178
0 0.191806 0.449907 0.010960 0.031540
0 0.171973 0.428571 0.010960 0.031540
0 0.200418 0.442950 0.011482 0.032468
0 0.321503 0.203618 0.007307 0.026902
0 0.355167 0.161410 0.006785 0.016698
0 0.371347 0.174861 0.005741 0.017625
0 0.339509 0.112709 0.005741 0.015770
0 0.353340 0.028757 0.003132 0.018553
0 0.372912 0.037570 0.006785 0.015770
0 0.404228 0.088590 0.006785 0.015770
0 0.393789 0.095547 0.005741 0.016698
0 0.414405 0.034323 0.005219 0.016698
0 0.414927 0.033395 0.005219 0.016698
