0 0.210714 0.261421 0.005714 0.017766
0 0.285714 0.265863 0.002857 0.008883
0 0.287857 0.262056 0.002857 0.011421
0 0.322857 0.253173 0.002857 0.008883
0 0.256071 0.253807 0.003571 0.010152
0 0.245000 0.256980 0.002857 0.011421
0 0.236429 0.256345 0.004286 0.010152
0 0.216786 0.255711 0.003571 0.011421
0 0.204286 0.255711 0.004286 0.011421
0 0.181071 0.256980 0.003571 0.008883
0 0.171786 0.261421 0.003571 0.012690
0 0.170357 0.264594 0.003571 0.011421
0 0.131071 0.302030 0.003571 0.012690
0 0.112143 0.312817 0.004286 0.011421
0 0.091786 0.305838 0.003571 0.015228
0 0.086429 0.305838 0.004286 0.010152
