0 0.572500 0.853810 0.003571 0.012381
0 0.485357 0.408095 0.003571 0.012381
0 0.488214 0.215714 0.003571 0.010476
0 0.491429 0.165714 0.002857 0.007619
0 0.490714 0.180476 0.002857 0.008571
0 0.495357 0.163333 0.002143 0.010476
0 0.498929 0.164762 0.002143 0.007619
0 0.457857 0.175238 0.002857 0.007619
0 0.452500 0.128095 0.002143 0.008571
0 0.454643 0.118571 0.002143 0.008571
0 0.456429 0.130952 0.002857 0.008571
0 0.475714 0.096667 0.002857 0.008571
0 0.481071 0.100952 0.002143 0.005714
0 0.482500 0.100476 0.002143 0.008571
0 0.489286 0.101905 0.002857 0.007619
0 0.489643 0.091905 0.002143 0.008571
0 0.475000 0.071429 0.002857 0.007619
0 0.475000 0.055714 0.002857 0.010476
0 0.471429 0.047619 0.002857 0.009524
0 0.473214 0.038571 0.003571 0.010476
0 0.470714 0.018095 0.002857 0.009524
0 0.472857 0.012857 0.002857 0.006667
0 0.451429 0.062381 0.002857 0.008571
0 0.445357 0.045238 0.003571 0.008571
