0 0.298214 0.856667 0.016429 0.025714
0 0.312857 0.829524 0.018571 0.020952
0 0.348571 0.817143 0.017143 0.028571
0 0.251786 0.701905 0.013571 0.024762
0 0.267857 0.700476 0.012857 0.025714
0 0.259643 0.544762 0.015000 0.026667
0 0.272857 0.467619 0.012857 0.024762
0 0.314286 0.450952 0.012857 0.025714
0 0.221429 0.404762 0.010000 0.024762
0 0.258929 0.324286 0.010714 0.014286
0 0.270000 0.318095 0.010000 0.017143
0 0.235357 0.311905 0.010714 0.016190
0 0.271429 0.289524 0.014286 0.013333
0 0.301429 0.240000 0.010000 0.026667
0 0.298571 0.205714 0.011429 0.028571
0 0.298929 0.150476 0.010714 0.026667
0 0.301429 0.138095 0.011429 0.026667
0 0.296786 0.125238 0.009286 0.025714
0 0.305714 0.105714 0.008571 0.028571
0 0.285714 0.077143 0.008571 0.024762
0 0.312500 0.068095 0.009286 0.029524
0 0.324286 0.066667 0.007143 0.026667
0 0.628214 0.886667 0.016429 0.026667
0 0.582500 0.822857 0.015000 0.026667
0 0.593214 0.842381 0.012143 0.020000
0 0.778214 0.966190 0.022143 0.025714
0 0.858571 0.706667 0.018571 0.026667
0 0.867857 0.677143 0.017143 0.026667
0 0.930357 0.652857 0.020714 0.023810
0 0.495357 0.160000 0.007857 0.032381
0 0.496429 0.047619 0.010000 0.036190
0 0.480357 0.080000 0.009286 0.034286
0 0.124286 0.935238 0.018571 0.026667
0 0.357857 0.983333 0.021429 0.023810
0 0.601429 0.985714 0.017143 0.026667
