0 0.397500 0.820000 0.005000 0.026667
0 0.407143 0.815714 0.011429 0.040952
0 0.104286 0.687619 0.004286 0.020952
0 0.111429 0.688571 0.005714 0.019048
0 0.285714 0.615238 0.005714 0.013333
0 0.405000 0.643810 0.004286 0.011429
0 0.389286 0.584762 0.002857 0.009524
0 0.395000 0.581429 0.002857 0.008571
0 0.452857 0.596190 0.002857 0.009524
0 0.521429 0.595238 0.002857 0.005714
0 0.292143 0.607143 0.002857 0.010476
0 0.176071 0.745714 0.007857 0.032381
0 0.164643 0.747143 0.009286 0.029524
0 0.150714 0.747619 0.008571 0.028571
