0 0.211071 0.116117 0.005000 0.019036
0 0.309643 0.325508 0.006429 0.024112
0 0.199643 0.051396 0.003571 0.016497
0 0.203929 0.051396 0.005000 0.016497
0 0.230000 0.045685 0.002857 0.012690
0 0.228571 0.045051 0.002857 0.019036
0 0.221429 0.046954 0.002857 0.015228
0 0.221071 0.043782 0.003571 0.016497
0 0.213214 0.048223 0.005000 0.020305
0 0.435000 0.144036 0.007143 0.024112
0 0.881429 0.782995 0.011429 0.035533
0 0.850000 0.779822 0.007143 0.034264
0 0.828214 0.689721 0.012143 0.024112
0 0.938929 0.581218 0.012143 0.030457
0 0.842143 0.618020 0.007143 0.017766
0 0.811786 0.625000 0.006429 0.024112
0 0.831786 0.583122 0.006429 0.034264
0 0.824286 0.592005 0.005714 0.036802
0 0.818571 0.559010 0.008571 0.031726
0 0.804286 0.608503 0.007143 0.024112
0 0.802500 0.571066 0.006429 0.030457
0 0.874643 0.493655 0.007857 0.035533
0 0.881786 0.489848 0.007857 0.030457
0 0.847143 0.436548 0.005714 0.032995
0 0.852500 0.435279 0.006429 0.035533
0 0.848571 0.347716 0.008571 0.030457
0 0.841429 0.345812 0.005714 0.024112
0 0.834286 0.280457 0.005714 0.030457
0 0.785714 0.205584 0.005714 0.022843
0 0.781786 0.201777 0.003571 0.022843
0 0.786071 0.256345 0.005000 0.012690
0 0.789286 0.262690 0.004286 0.015228
0 0.792500 0.256345 0.005000 0.015228
0 0.809643 0.221447 0.007857 0.024112
0 0.807143 0.206218 0.005714 0.024112
0 0.801071 0.189721 0.006429 0.021574
0 0.743214 0.129442 0.009286 0.017766
0 0.758571 0.170051 0.007143 0.020305
0 0.753214 0.174492 0.005000 0.008883
0 0.761429 0.079315 0.004286 0.019036
0 0.754643 0.065355 0.006429 0.016497
0 0.749286 0.059010 0.004286 0.016497
0 0.692500 0.130076 0.005000 0.021574
0 0.710357 0.178934 0.005000 0.015228
0 0.703929 0.143401 0.006429 0.012690
0 0.684286 0.192259 0.008571 0.011421
0 0.688214 0.191624 0.005000 0.012690
0 0.680000 0.085660 0.012857 0.011421
0 0.658214 0.038706 0.003571 0.016497
0 0.663571 0.048858 0.004286 0.021574
0 0.713214 0.018401 0.005000 0.013959
0 0.728214 0.066624 0.005000 0.011421
0 0.734286 0.030457 0.005714 0.015228
0 0.677143 0.052030 0.002857 0.007614
0 0.690714 0.055203 0.002857 0.011421
0 0.669643 0.026650 0.005000 0.005076
0 0.829286 0.358503 0.005714 0.024112
0 0.682143 0.013325 0.007143 0.013959
0 0.690714 0.116751 0.007143 0.012690
