0 0.148214 0.232868 0.005000 0.013959
0 0.136786 0.280457 0.006429 0.010152
0 0.131429 0.293147 0.005714 0.010152
0 0.133571 0.281091 0.005714 0.011421
0 0.150000 0.215736 0.005714 0.010152
0 0.159643 0.182741 0.005000 0.012690
0 0.201429 0.043147 0.004286 0.015228
0 0.201071 0.039975 0.006429 0.016497
0 0.201429 0.035533 0.005714 0.012690
0 0.197143 0.053299 0.007143 0.012690
0 0.435357 0.251269 0.005000 0.020305
0 0.621071 0.081218 0.003571 0.017766
0 0.650714 0.285533 0.002857 0.012690
0 0.650000 0.276015 0.002857 0.008883
0 0.651786 0.270939 0.002143 0.013959
0 0.652143 0.424492 0.005714 0.016497
