0 0.278000 0.811000 0.014000 0.026000
0 0.285500 0.813667 0.008000 0.020667
0 0.349500 0.668000 0.013000 0.028000
0 0.342750 0.643333 0.009500 0.020000
0 0.326750 0.634333 0.009500 0.020667
0 0.308250 0.651333 0.009500 0.022667
0 0.532500 0.354000 0.006000 0.020000
0 0.477000 0.334000 0.005000 0.018667
0 0.484750 0.325333 0.006500 0.017333
0 0.464000 0.216000 0.005000 0.014667
0 0.553750 0.108667 0.003500 0.010667
0 0.565750 0.111000 0.004500 0.012667
0 0.635250 0.195000 0.005500 0.014000
0 0.661250 0.191667 0.004500 0.015333
0 0.695250 0.220333 0.005500 0.016667
0 0.630750 0.119333 0.004500 0.012000
0 0.635250 0.119333 0.004500 0.012000
0 0.669750 0.097333 0.003500 0.012000
0 0.674250 0.097333 0.004500 0.010667
0 0.677500 0.099000 0.003000 0.010000
0 0.846250 0.142667 0.005500 0.010667
0 0.838500 0.141000 0.005000 0.011333
