0 0.992132 0.543893 0.012876 0.030534
0 0.814735 0.448473 0.012876 0.038168
0 0.826896 0.572996 0.012876 0.023855
0 0.113376 0.194656 0.010730 0.026718
0 0.008226 0.197042 0.009299 0.025763
0 0.133405 0.855439 0.029328 0.046756
0 0.066166 0.912214 0.032189 0.036260
0 0.215308 0.927004 0.024320 0.046756
0 0.394134 0.416031 0.011445 0.040076
0 0.435622 0.368321 0.014306 0.026718
0 0.341202 0.833492 0.020029 0.033397
0 0.335837 0.811546 0.017883 0.037214
0 0.903791 0.328721 0.012160 0.029580
0 0.265021 0.176050 0.010730 0.023855
0 0.253577 0.144561 0.006438 0.014313
0 0.264306 0.205630 0.009299 0.020038
0 0.468884 0.432729 0.009299 0.033397
0 0.713519 0.120229 0.005007 0.017176
0 0.541845 0.365458 0.012160 0.019084
0 0.928827 0.081584 0.005007 0.014313
