0 0.187500 0.626904 0.005000 0.012690
0 0.698929 0.901015 0.005000 0.012690
0 0.701071 0.914975 0.005000 0.015228
0 0.707857 0.907360 0.005714 0.010152
0 0.510714 0.912437 0.004286 0.010152
0 0.380357 0.687183 0.003571 0.008883
0 0.379286 0.696066 0.004286 0.011421
0 0.902857 0.255711 0.004286 0.011421
0 0.908214 0.255076 0.003571 0.012690
0 0.911071 0.255711 0.003571 0.008883
0 0.916429 0.258249 0.004286 0.011421
0 0.909286 0.263959 0.002857 0.010152
0 0.912143 0.267766 0.004286 0.007614
0 0.888929 0.289975 0.005000 0.011421
0 0.817500 0.341371 0.005000 0.012690
0 0.781786 0.371193 0.005000 0.011421
0 0.711786 0.416878 0.003571 0.008883
0 0.256429 0.332487 0.002857 0.012690
0 0.257857 0.333122 0.002857 0.011421
0 0.259286 0.319162 0.002857 0.011421
0 0.262857 0.313452 0.002857 0.010152
0 0.252500 0.241117 0.003571 0.012690
0 0.240000 0.214467 0.002857 0.010152
