0 0.161071 0.280457 0.006429 0.020305
0 0.163571 0.404822 0.007143 0.022843
0 0.164643 0.534898 0.006429 0.026650
0 0.158214 0.548858 0.007857 0.024112
0 0.163571 0.342640 0.005714 0.022843
0 0.146071 0.275381 0.006429 0.022843
0 0.159286 0.233503 0.004286 0.017766
0 0.150714 0.223985 0.005714 0.013959
0 0.471071 0.486041 0.007857 0.032995
0 0.030714 0.069162 0.007143 0.021574
0 0.227500 0.911802 0.010714 0.034264
0 0.678929 0.334391 0.006429 0.024112
0 0.984643 0.492386 0.007857 0.032995
0 0.982143 0.854061 0.012857 0.040609
0 0.986071 0.906726 0.013571 0.029188
0 0.778929 0.725888 0.009286 0.022843
0 0.736786 0.866117 0.015000 0.036802
0 0.704643 0.836294 0.009286 0.035533
0 0.732857 0.793782 0.015714 0.034264
0 0.835357 0.764594 0.010714 0.029188
0 0.858214 0.768401 0.007857 0.021574
0 0.762857 0.688452 0.008571 0.024112
0 0.893571 0.556472 0.007143 0.029188
0 0.907857 0.559010 0.007143 0.026650
0 0.893571 0.522843 0.011429 0.025381
0 0.902143 0.527284 0.008571 0.029188
0 0.915357 0.536802 0.007857 0.022843
0 0.921071 0.542513 0.009286 0.024112
0 0.921429 0.528553 0.007143 0.024112
0 0.995357 0.902919 0.009286 0.036802
