0 0.797857 0.572381 0.018571 0.051429
0 0.763571 0.518095 0.012857 0.043810
0 0.673214 0.638571 0.015000 0.052381
0 0.725357 0.608095 0.013571 0.048571
0 0.652143 0.609048 0.012857 0.048571
0 0.583214 0.619524 0.012143 0.050476
0 0.610357 0.572381 0.012143 0.043810
0 0.587857 0.546667 0.010000 0.041905
0 0.561429 0.570476 0.014286 0.047619
0 0.574643 0.601905 0.009286 0.051429
0 0.584286 0.525238 0.011429 0.040952
0 0.573214 0.506190 0.012143 0.040952
0 0.570357 0.494762 0.010714 0.035238
0 0.564286 0.478571 0.014286 0.040952
0 0.535714 0.549524 0.011429 0.043810
0 0.535000 0.529048 0.012857 0.040952
0 0.498929 0.527619 0.012143 0.041905
0 0.526786 0.503810 0.009286 0.036190
0 0.527500 0.487143 0.010714 0.035238
0 0.601071 0.344286 0.006429 0.023810
0 0.617500 0.350476 0.005000 0.022857
0 0.622857 0.352381 0.007143 0.030476
0 0.642857 0.351429 0.005714 0.024762
0 0.621071 0.331905 0.006429 0.021905
0 0.451071 0.367143 0.006429 0.021905
