0 0.208571 0.435279 0.002857 0.007614
0 0.294286 0.473350 0.002857 0.007614
0 0.296786 0.472081 0.002143 0.010152
0 0.323214 0.522843 0.003571 0.010152
0 0.204286 0.513959 0.002857 0.010152
0 0.159643 0.963832 0.003571 0.008883
0 0.158929 0.976523 0.003571 0.011421
0 0.157500 0.970812 0.003571 0.010152
0 0.205357 0.906726 0.002143 0.011421
0 0.159286 0.871827 0.002857 0.015228
0 0.155000 0.897208 0.002857 0.015228
0 0.164286 0.835025 0.002857 0.010152
0 0.224286 0.820431 0.002857 0.011421
0 0.698214 0.745558 0.003571 0.011421
0 0.792500 0.718274 0.002143 0.010152
0 0.812857 0.710025 0.002857 0.008883
0 0.816786 0.715736 0.002143 0.007614
0 0.872857 0.689721 0.002857 0.008883
