0 0.284643 0.650000 0.002143 0.008571
0 0.309286 0.654762 0.001429 0.004762
0 0.311786 0.655238 0.002143 0.007619
0 0.331071 0.695238 0.002143 0.003810
0 0.395357 0.713810 0.002143 0.008571
0 0.436429 0.745714 0.002857 0.009524
0 0.433214 0.746190 0.002143 0.010476
0 0.431786 0.745714 0.002143 0.009524
0 0.504643 0.772857 0.003571 0.010476
0 0.509286 0.779524 0.002857 0.008571
0 0.512857 0.779048 0.002857 0.009524
0 0.544643 0.790476 0.003571 0.011429
0 0.647857 0.878571 0.004286 0.016190
0 0.661786 0.885238 0.005000 0.016190
0 0.770714 0.884762 0.005714 0.017143
0 0.783929 0.873333 0.005000 0.019048
0 0.856071 0.890476 0.005000 0.019048
0 0.890357 0.907143 0.006429 0.020000
0 0.915357 0.874286 0.005000 0.013333
0 0.841071 0.931905 0.003571 0.018095
0 0.976429 0.947143 0.005714 0.020000
0 0.950000 0.826190 0.004286 0.016190
0 0.965000 0.824762 0.004286 0.015238
0 0.968929 0.825714 0.003571 0.015238
0 0.049286 0.900476 0.005714 0.021905
0 0.115714 0.967143 0.005714 0.018095
