0 0.110357 0.522843 0.010714 0.025381
0 0.173929 0.564086 0.012143 0.026650
0 0.028571 0.807107 0.017143 0.040609
0 0.778929 0.954949 0.007857 0.024112
0 0.767857 0.970812 0.008571 0.022843
0 0.752500 0.979061 0.009286 0.029188
0 0.685000 0.932107 0.007143 0.019036
0 0.666071 0.923223 0.007857 0.026650
0 0.615714 0.838198 0.011429 0.021574
0 0.653571 0.762690 0.007143 0.020305
0 0.706429 0.723985 0.005714 0.021574
0 0.656786 0.701777 0.005000 0.022843
0 0.647143 0.697335 0.005714 0.021574
0 0.649643 0.670051 0.006429 0.015228
0 0.713571 0.652919 0.007143 0.021574
0 0.669286 0.642766 0.008571 0.024112
0 0.658929 0.411168 0.009286 0.025381
0 0.670357 0.354695 0.006429 0.019036
0 0.642857 0.275381 0.010000 0.017766
0 0.642857 0.119924 0.005714 0.024112
0 0.588214 0.154822 0.003571 0.015228
0 0.581071 0.140228 0.010714 0.019036
0 0.544643 0.355964 0.012143 0.024112
0 0.320000 0.260787 0.007143 0.021574
0 0.596429 0.156091 0.005714 0.020305
0 0.592500 0.154822 0.005000 0.017766
0 0.601429 0.159264 0.004286 0.021574
0 0.647143 0.123096 0.004286 0.020305
0 0.585714 0.174492 0.004286 0.016497
0 0.587500 0.177030 0.003571 0.019036
0 0.591071 0.175127 0.003571 0.017766
0 0.592500 0.173858 0.003571 0.020305
0 0.672857 0.359137 0.005714 0.020305
0 0.704643 0.654188 0.005000 0.024112
0 0.699286 0.656091 0.005714 0.017766
0 0.694286 0.665609 0.005714 0.021574
0 0.711071 0.724619 0.007857 0.017766
0 0.695357 0.935914 0.006429 0.008883
0 0.658929 0.920685 0.006429 0.021574
0 0.648929 0.834391 0.009286 0.016497
