0 0.412500 0.396190 0.016429 0.051429
0 0.336786 0.632381 0.030714 0.047619
0 0.326071 0.260476 0.016429 0.050476
0 0.327143 0.287619 0.015714 0.047619
0 0.266071 0.132857 0.017857 0.040952
0 0.267857 0.114762 0.014286 0.040952
0 0.359286 0.162857 0.011429 0.041905
0 0.346071 0.155714 0.016429 0.044762
0 0.375714 0.078571 0.011429 0.040952
0 0.379643 0.062381 0.013571 0.039048
0 0.361786 0.062381 0.013571 0.040952
0 0.352143 0.069524 0.011429 0.041905
0 0.347857 0.138095 0.014286 0.041905
0 0.337143 0.110952 0.011429 0.039048
0 0.334286 0.139524 0.014286 0.042857
0 0.323929 0.119048 0.015000 0.045714
