0 0.339771 0.699905 0.028612 0.035305
0 0.111230 0.982824 0.033619 0.026718
0 0.271817 0.195134 0.022890 0.035305
0 0.336910 0.220897 0.021459 0.044847
0 0.308298 0.096374 0.018598 0.040076
0 0.210658 0.166508 0.020744 0.031489
0 0.350143 0.115935 0.019313 0.039122
0 0.396638 0.066794 0.017883 0.041985
0 0.347997 0.097328 0.017883 0.036260
0 0.331545 0.093989 0.019313 0.039122
0 0.406652 0.132634 0.016452 0.040076
0 0.447783 0.042462 0.014306 0.039122
0 0.683476 0.866889 0.025036 0.031489
0 0.540773 0.422233 0.018598 0.031489
0 0.698140 0.218511 0.017167 0.038168
0 0.240701 0.101622 0.027897 0.039122
0 0.229614 0.117366 0.027182 0.032443
0 0.609442 0.023378 0.011445 0.044847
0 0.600501 0.033874 0.010730 0.037214
0 0.517525 0.056775 0.017883 0.039122
0 0.549714 0.041508 0.013591 0.041031
0 0.564378 0.037214 0.010014 0.041985
0 0.581187 0.023378 0.006438 0.042939
0 0.591559 0.022901 0.011445 0.034351
0 0.599785 0.018130 0.009299 0.036260
0 0.536838 0.020038 0.012160 0.030534
0 0.449571 0.024332 0.016452 0.037214
0 0.490343 0.019084 0.007868 0.038168
0 0.483906 0.020038 0.010730 0.040076
0 0.445637 0.018130 0.012876 0.036260
0 0.456724 0.013836 0.007868 0.027672
0 0.508941 0.019561 0.010730 0.039122
0 0.526824 0.014790 0.009299 0.029580
0 0.547210 0.013836 0.010014 0.027672
0 0.555079 0.011927 0.008584 0.023855
0 0.561874 0.016698 0.010730 0.031489
