0 0.026786 0.477157 0.003571 0.015228
0 0.028929 0.476523 0.006429 0.016497
0 0.996429 0.333756 0.005714 0.012690
0 0.775000 0.257614 0.004286 0.010152
0 0.545714 0.504442 0.004286 0.013959
0 0.694286 0.375635 0.002857 0.012690
0 0.708571 0.362944 0.004286 0.012690
0 0.716429 0.355330 0.002857 0.010152
0 0.667143 0.405457 0.002857 0.011421
0 0.658214 0.413071 0.005000 0.016497
0 0.670000 0.402919 0.002857 0.011421
0 0.673571 0.402284 0.002857 0.015228
0 0.677500 0.401015 0.003571 0.015228
0 0.678571 0.398477 0.004286 0.017766
0 0.683214 0.394670 0.005000 0.015228
0 0.684643 0.388325 0.005000 0.012690
0 0.688214 0.385152 0.003571 0.013959
