0 0.186071 0.140000 0.019286 0.024762
0 0.267857 0.139048 0.011429 0.024762
0 0.352500 0.028571 0.005000 0.020952
0 0.365714 0.029048 0.005714 0.025714
0 0.361071 0.090000 0.010714 0.025714
0 0.365714 0.178095 0.010000 0.015238
0 0.358571 0.320952 0.007143 0.022857
0 0.354643 0.351429 0.012143 0.024762
0 0.442143 0.235238 0.010000 0.026667
0 0.478929 0.393333 0.010714 0.017143
0 0.403571 0.987619 0.015714 0.015238
0 0.417500 0.970000 0.009286 0.021905
0 0.404286 0.947619 0.011429 0.022857
0 0.387500 0.945714 0.013571 0.017143
0 0.437857 0.888571 0.010000 0.024762
0 0.463214 0.878571 0.013571 0.023810
0 0.603929 0.703333 0.010714 0.016190
0 0.719643 0.607143 0.012143 0.018095
0 0.625714 0.265238 0.008571 0.021905
0 0.635357 0.260952 0.006429 0.026667
0 0.641786 0.160000 0.009286 0.019048
0 0.653929 0.065238 0.007857 0.025714
0 0.701786 0.035238 0.009286 0.015238
0 0.783214 0.020000 0.009286 0.017143
