0 0.333929 0.094762 0.015000 0.033333
0 0.328214 0.197143 0.013571 0.020952
0 0.393571 0.202381 0.012857 0.018095
0 0.401071 0.120000 0.015000 0.013333
0 0.264643 0.058095 0.023571 0.026667
0 0.339286 0.450476 0.018571 0.013333
0 0.286786 0.517143 0.016429 0.020952
0 0.267857 0.626667 0.017143 0.015238
0 0.213929 0.765238 0.019286 0.027619
0 0.231429 0.676190 0.024286 0.020952
0 0.232857 0.642381 0.020000 0.021905
0 0.266786 0.566190 0.015000 0.018095
0 0.253571 0.619524 0.015714 0.016190
0 0.231786 0.531429 0.016429 0.017143
0 0.234643 0.507143 0.023571 0.014286
0 0.235000 0.474762 0.015714 0.014286
0 0.237500 0.456667 0.017857 0.014286
0 0.220000 0.633333 0.020000 0.013333
0 0.221071 0.618571 0.022143 0.012381
0 0.180714 0.951429 0.015714 0.017143
0 0.562857 0.596190 0.014286 0.017143
