0 0.087857 0.113333 0.008571 0.009524
0 0.058214 0.206667 0.010714 0.011429
0 0.592500 0.172857 0.003571 0.008571
0 0.597500 0.172857 0.003571 0.008571
0 0.595357 0.180000 0.005000 0.009524
0 0.602500 0.119524 0.003571 0.008571
0 0.609643 0.126190 0.005000 0.008571
0 0.615000 0.062381 0.004286 0.008571
0 0.625714 0.057143 0.004286 0.007619
0 0.614286 0.072857 0.004286 0.008571
0 0.617143 0.071905 0.002857 0.008571
0 0.610000 0.113810 0.002857 0.008571
0 0.612500 0.114286 0.003571 0.007619
0 0.614286 0.105714 0.002857 0.009524
0 0.616071 0.106190 0.003571 0.006667
0 0.548214 0.322381 0.003571 0.006667
0 0.556071 0.318571 0.003571 0.006667
0 0.548214 0.328095 0.003571 0.006667
0 0.531071 0.371429 0.003571 0.005714
0 0.533214 0.375238 0.003571 0.005714
0 0.531071 0.423333 0.006429 0.010476
0 0.524286 0.437619 0.004286 0.008571
0 0.526786 0.439048 0.002143 0.007619
0 0.450000 0.675714 0.004286 0.008571
0 0.358929 0.598095 0.006429 0.007619
0 0.390714 0.618095 0.002857 0.005714
0 0.393214 0.617619 0.003571 0.004762
0 0.324643 0.582381 0.003571 0.004762
0 0.326071 0.578571 0.005000 0.004762
0 0.362857 0.741429 0.005714 0.006667
0 0.284286 0.571429 0.004286 0.005714
0 0.285000 0.566190 0.004286 0.004762
