0 0.542143 0.928095 0.022857 0.069524
0 0.347500 0.694286 0.016429 0.045714
0 0.478929 0.626190 0.010714 0.029524
0 0.463214 0.632381 0.010714 0.030476
0 0.321786 0.609048 0.010714 0.027619
0 0.329286 0.610476 0.008571 0.032381
0 0.068214 0.632381 0.020714 0.040000
0 0.172143 0.653333 0.011429 0.034286
0 0.177857 0.651905 0.012857 0.035238
0 0.408214 0.632381 0.010714 0.036190
0 0.465714 0.626667 0.005714 0.024762
0 0.465714 0.622857 0.008571 0.026667
0 0.464643 0.614762 0.010714 0.031429
0 0.233929 0.560952 0.007857 0.019048
0 0.073571 0.529524 0.007143 0.017143
0 0.081071 0.529048 0.006429 0.018095
0 0.957500 0.925714 0.025000 0.076190
0 0.723571 0.699048 0.012857 0.034286
0 0.853571 0.641905 0.011429 0.026667
0 0.787857 0.673810 0.014286 0.027619
0 0.989643 0.721429 0.010714 0.040952
0 0.976429 0.624762 0.011429 0.032381
0 0.996071 0.628571 0.007857 0.032381
0 0.537857 0.587143 0.007143 0.021905
0 0.671071 0.578571 0.007857 0.023810
0 0.781786 0.584286 0.006429 0.021905
0 0.911786 0.540000 0.006429 0.015238
0 0.985357 0.634762 0.007857 0.033333
