0 0.777500 0.197667 0.008000 0.022000
0 0.781500 0.197000 0.006000 0.023333
0 0.683250 0.199667 0.007500 0.019333
0 0.629750 0.149000 0.007500 0.014000
0 0.775750 0.115667 0.004500 0.014000
0 0.765750 0.110333 0.005500 0.018000
0 0.744500 0.128000 0.005000 0.013333
0 0.714000 0.125000 0.005000 0.016667
0 0.713250 0.097333 0.003500 0.017333
0 0.732000 0.097333 0.003000 0.018667
0 0.752250 0.064667 0.004500 0.013333
0 0.760250 0.071000 0.003500 0.014000
0 0.763750 0.073000 0.002500 0.008667
0 0.766750 0.072333 0.002500 0.014000
0 0.768500 0.072667 0.002000 0.013333
0 0.772000 0.069667 0.004000 0.014000
0 0.769500 0.062000 0.004000 0.013333
0 0.486000 0.217333 0.006000 0.024000
0 0.475500 0.216333 0.007000 0.022000
0 0.375750 0.134333 0.005500 0.016667
0 0.349750 0.144333 0.008500 0.020667
0 0.339000 0.142333 0.009000 0.020667
0 0.328500 0.139000 0.006000 0.019333
0 0.323000 0.155000 0.007000 0.020667
0 0.309000 0.134333 0.005000 0.015333
0 0.288000 0.160000 0.006000 0.016000
0 0.278250 0.151667 0.006500 0.019333
0 0.267500 0.162667 0.009000 0.021333
0 0.252250 0.155333 0.005500 0.020000
0 0.239250 0.096333 0.005500 0.015333
0 0.078250 0.052667 0.004500 0.012000
0 0.075500 0.053667 0.004000 0.011333
0 0.004250 0.131667 0.006500 0.015333
0 0.073000 0.034000 0.006000 0.009333
