0 0.322143 0.086667 0.004286 0.013333
0 0.420000 0.156190 0.005714 0.020952
0 0.346786 0.138571 0.003571 0.014286
0 0.342857 0.140952 0.002857 0.009524
0 0.492500 0.077143 0.002143 0.005714
0 0.492857 0.085238 0.002857 0.004762
0 0.490714 0.152381 0.004286 0.017143
0 0.482143 0.152381 0.002857 0.015238
0 0.515000 0.466667 0.005714 0.015238
0 0.529643 0.020000 0.003571 0.009524
0 0.540357 0.023333 0.003571 0.012381
0 0.576429 0.062381 0.002857 0.010476
0 0.533571 0.065238 0.002857 0.008571
0 0.528929 0.064762 0.002143 0.007619
0 0.642500 0.551429 0.006429 0.015238
0 0.571429 0.071905 0.002857 0.008571
0 0.569286 0.070000 0.002857 0.008571
0 0.590357 0.075238 0.002143 0.011429
