0 0.482143 0.290000 0.002857 0.004762
0 0.478929 0.313810 0.005000 0.006667
0 0.476071 0.320000 0.003571 0.005714
0 0.472857 0.319524 0.004286 0.008571
0 0.488571 0.265714 0.002857 0.005714
0 0.416429 0.459048 0.007143 0.007619
0 0.420357 0.427143 0.007857 0.012381
0 0.431429 0.550000 0.012857 0.020000
0 0.462143 0.547143 0.017143 0.027619
0 0.405357 0.570952 0.013571 0.018095
0 0.327857 0.669048 0.015714 0.020000
0 0.190357 0.769524 0.012143 0.015238
0 0.187500 0.772381 0.010714 0.013333
0 0.196071 0.766667 0.010714 0.011429
0 0.179286 0.773810 0.012857 0.010476
0 0.153214 0.839524 0.013571 0.018095
0 0.170357 0.786190 0.016429 0.014286
0 0.855357 0.255238 0.019286 0.043810
