0 0.719286 0.956218 0.012857 0.034264
0 0.523929 0.375635 0.006429 0.030457
0 0.417857 0.229061 0.005714 0.019036
0 0.401071 0.204315 0.006429 0.020305
0 0.372500 0.161168 0.007857 0.017766
0 0.664643 0.641497 0.006429 0.034264
0 0.691786 0.697970 0.009286 0.030457
0 0.700357 0.693528 0.009286 0.029188
0 0.896786 0.959391 0.010714 0.022843
0 0.895357 0.946701 0.015000 0.017766
0 0.902500 0.977157 0.013571 0.030457
0 0.933214 0.969543 0.009286 0.030457
0 0.416071 0.714467 0.009286 0.030457
0 0.422500 0.843909 0.010714 0.017766
0 0.476786 0.296954 0.007857 0.025381
