0 0.393267 0.792208 0.008873 0.020408
0 0.307411 0.669295 0.005219 0.028757
0 0.497129 0.485622 0.004697 0.017625
0 0.526096 0.569573 0.005219 0.014842
0 0.527662 0.570965 0.004175 0.015770
0 0.549322 0.590445 0.004697 0.015770
0 0.550626 0.584879 0.006263 0.013915
0 0.553236 0.539889 0.005219 0.014842
0 0.557411 0.518089 0.004175 0.015770
0 0.612735 0.364564 0.004175 0.011132
0 0.617171 0.352968 0.003653 0.012059
0 0.669102 0.307050 0.002088 0.007421
0 0.672756 0.309369 0.002088 0.004638
0 0.675365 0.310297 0.003132 0.006494
0 0.934760 0.583488 0.006263 0.016698
0 0.903184 0.464286 0.004697 0.017625
0 0.843685 0.414657 0.004697 0.014842
0 0.870564 0.410019 0.003132 0.009276
0 0.853079 0.374304 0.004697 0.008349
0 0.913100 0.412801 0.004697 0.005566
0 0.912056 0.406772 0.003653 0.010204
0 0.842902 0.333952 0.003132 0.011132
0 0.830637 0.338126 0.002610 0.010204
0 0.821503 0.300093 0.002088 0.008349
0 0.828288 0.295918 0.002088 0.005566
