0 0.094643 0.842381 0.007857 0.025714
0 0.200714 0.869524 0.005714 0.026667
0 0.213571 0.868095 0.007143 0.027619
0 0.154643 0.786667 0.006429 0.024762
0 0.235357 0.692381 0.003571 0.013333
0 0.287500 0.686190 0.003571 0.012381
0 0.277857 0.684286 0.002857 0.010476
0 0.352500 0.676667 0.003571 0.010476
0 0.362857 0.668095 0.002857 0.012381
0 0.411429 0.611429 0.001429 0.007619
0 0.412500 0.601905 0.002143 0.007619
0 0.507143 0.596190 0.001429 0.005714
0 0.503929 0.635714 0.002143 0.006667
0 0.560357 0.596190 0.002143 0.005714
0 0.607500 0.683333 0.002143 0.010476
0 0.628571 0.713333 0.002857 0.013333
0 0.632143 0.713810 0.002857 0.012381
0 0.751786 0.766667 0.003571 0.017143
0 0.755714 0.764762 0.005714 0.017143
0 0.440357 0.740476 0.003571 0.014286
0 0.339643 0.638571 0.003571 0.008571
