0 0.497500 0.896190 0.010714 0.022857
0 0.244643 0.806190 0.013571 0.023810
0 0.262143 0.760952 0.014286 0.020952
0 0.252143 0.751429 0.014286 0.022857
0 0.591071 0.708571 0.009286 0.013333
0 0.594643 0.705714 0.009286 0.015238
0 0.598214 0.702381 0.010714 0.014286
0 0.657143 0.761905 0.011429 0.022857
0 0.654643 0.755238 0.012143 0.022857
0 0.686429 0.674286 0.011429 0.022857
0 0.656429 0.596190 0.007143 0.019048
0 0.823214 0.599524 0.013571 0.025714
0 0.817143 0.597143 0.012857 0.022857
0 0.815357 0.588095 0.012143 0.023810
0 0.811786 0.580476 0.012143 0.023810
0 0.861071 0.552381 0.012143 0.022857
0 0.856071 0.548571 0.013571 0.024762
0 0.983571 0.339524 0.012857 0.018095
