0 0.050357 0.621905 0.015000 0.051429
0 0.151429 0.457619 0.007143 0.029524
0 0.159286 0.463333 0.005714 0.025714
0 0.146786 0.509524 0.007857 0.032381
0 0.180000 0.486190 0.008571 0.023810
0 0.594643 0.445714 0.007857 0.015238
0 0.674643 0.474286 0.006429 0.022857
0 0.793929 0.504286 0.007857 0.023810
0 0.798571 0.501905 0.007143 0.022857
0 0.806786 0.504762 0.009286 0.022857
0 0.727500 0.457143 0.007857 0.022857
0 0.733571 0.464286 0.008571 0.012381
0 0.887500 0.590476 0.015000 0.034286
0 0.974643 0.580476 0.006429 0.023810
0 0.070714 0.558571 0.012857 0.037143
0 0.602500 0.454762 0.005000 0.021905
0 0.395000 0.342857 0.002857 0.009524
0 0.191786 0.370000 0.005000 0.014286
0 0.197143 0.370000 0.007143 0.016190
0 0.183929 0.337619 0.005000 0.012381
0 0.159286 0.428571 0.005714 0.026667
0 0.170000 0.425714 0.007143 0.028571
0 0.790357 0.802381 0.016429 0.050476
0 0.094286 0.899048 0.025714 0.051429
0 0.266786 0.726190 0.023571 0.046667
0 0.330714 0.580476 0.014286 0.035238
0 0.402500 0.363810 0.005000 0.009524
0 0.375000 0.336190 0.004286 0.011429
0 0.393214 0.353810 0.003571 0.008571
0 0.658571 0.496190 0.008571 0.017143
0 0.638571 0.465714 0.008571 0.020952
0 0.666429 0.476190 0.007143 0.022857
0 0.754286 0.486667 0.004286 0.024762
0 0.671429 0.476190 0.004286 0.020952
0 0.785000 0.468571 0.005714 0.019048
