0 0.085357 0.157619 0.037857 0.033333
0 0.015714 0.045238 0.024286 0.031429
0 0.392143 0.568571 0.017143 0.022857
0 0.370000 0.592857 0.020000 0.025714
0 0.422857 0.926190 0.021429 0.033333
0 0.255357 0.945714 0.029286 0.036190
0 0.225714 0.880476 0.035714 0.037143
0 0.257857 0.888571 0.024286 0.038095
0 0.222500 0.933810 0.032143 0.033333
0 0.257857 0.916190 0.021429 0.024762
0 0.250357 0.937619 0.020714 0.020000
0 0.238571 0.951429 0.028571 0.022857
0 0.225000 0.904286 0.030000 0.025714
0 0.247857 0.900000 0.025714 0.019048
0 0.649286 0.193333 0.020000 0.038095
0 0.650714 0.273810 0.018571 0.031429
0 0.857500 0.855714 0.039286 0.031429
0 0.018571 0.304286 0.035714 0.037143
0 0.027500 0.200952 0.029286 0.045714
