0 0.255714 0.931429 0.022857 0.045714
0 0.276786 0.913333 0.033571 0.066667
0 0.097500 0.763810 0.025000 0.055238
0 0.092500 0.749524 0.019286 0.057143
0 0.587143 0.678571 0.021429 0.058095
0 0.617857 0.619048 0.021429 0.062857
0 0.408929 0.622857 0.023571 0.038095
0 0.408571 0.617143 0.021429 0.038095
0 0.021429 0.525238 0.020000 0.037143
0 0.271429 0.504286 0.017143 0.033333
0 0.273571 0.495238 0.015714 0.038095
0 0.373929 0.470000 0.015000 0.037143
0 0.514286 0.444762 0.012857 0.034286
0 0.533571 0.446667 0.011429 0.032381
0 0.541429 0.469524 0.020000 0.036190
0 0.679643 0.479048 0.013571 0.043810
0 0.661071 0.529524 0.023571 0.041905
0 0.790357 0.517143 0.016429 0.041905
0 0.807857 0.529524 0.014286 0.045714
0 0.785357 0.553810 0.017857 0.031429
0 0.911786 0.575714 0.019286 0.033333
0 0.917143 0.504762 0.010000 0.020952
0 0.902500 0.483810 0.013571 0.038095
0 0.938214 0.504762 0.016429 0.041905
0 0.936071 0.495238 0.017857 0.043810
0 0.921429 0.399048 0.012857 0.034286
0 0.695357 0.414762 0.009286 0.033333
0 0.676071 0.441905 0.012143 0.030476
0 0.667500 0.440476 0.012143 0.035238
0 0.651786 0.430952 0.010714 0.035238
0 0.640000 0.430476 0.008571 0.034286
0 0.628929 0.438571 0.007857 0.035238
0 0.620357 0.441429 0.013571 0.035238
0 0.610000 0.440952 0.008571 0.038095
0 0.649643 0.424286 0.009286 0.033333
0 0.654643 0.422381 0.007857 0.035238
0 0.634286 0.470952 0.015714 0.023810
0 0.631071 0.424286 0.007857 0.033333
0 0.629643 0.423333 0.009286 0.025714
0 0.595357 0.459048 0.012143 0.036190
0 0.589643 0.444286 0.009286 0.035238
0 0.583929 0.442381 0.012143 0.029524
0 0.218929 0.348571 0.005000 0.019048
0 0.225714 0.349048 0.008571 0.021905
0 0.274286 0.320952 0.007143 0.019048
0 0.279286 0.318571 0.007143 0.018095
0 0.319643 0.315714 0.005000 0.014286
0 0.312500 0.322857 0.005000 0.017143
0 0.249286 0.322857 0.008571 0.022857
0 0.536429 0.298571 0.005714 0.020000
0 0.532500 0.297143 0.006429 0.019048
0 0.540714 0.297143 0.008571 0.020952
0 0.796071 0.236667 0.005000 0.016190
0 0.854286 0.280952 0.005714 0.017143
0 0.810000 0.227143 0.004286 0.016190
0 0.887500 0.251905 0.005000 0.014286
