0 0.126071 0.281429 0.015000 0.020000
0 0.395714 0.277143 0.015714 0.020952
0 0.413571 0.151429 0.011429 0.024762
0 0.315714 0.386667 0.014286 0.024762
0 0.379286 0.465714 0.010000 0.015238
0 0.348214 0.624286 0.017857 0.025714
0 0.385714 0.635238 0.018571 0.034286
0 0.453214 0.553810 0.007857 0.021905
0 0.481786 0.501905 0.009286 0.020952
0 0.487143 0.440000 0.015714 0.019048
0 0.456429 0.398571 0.010000 0.018095
0 0.052143 0.984762 0.014286 0.024762
0 0.583571 0.453333 0.011429 0.015238
0 0.708571 0.327143 0.014286 0.018095
0 0.726786 0.329048 0.016429 0.020000
