0 0.430714 0.986667 0.007143 0.009524
0 0.439286 0.936190 0.007143 0.007619
0 0.445714 0.937619 0.005714 0.008571
0 0.449286 0.944286 0.005714 0.008571
0 0.450000 0.644286 0.007143 0.012381
0 0.460714 0.652857 0.007143 0.008571
0 0.496429 0.291429 0.007143 0.013333
0 0.506071 0.273333 0.006429 0.013333
0 0.501071 0.252381 0.005000 0.015238
0 0.501071 0.242857 0.006429 0.013333
0 0.518571 0.208095 0.008571 0.020000
0 0.503929 0.163333 0.006429 0.021905
0 0.526786 0.167619 0.009286 0.015238
0 0.557500 0.020000 0.006429 0.017143
