0 0.260357 0.901650 0.007857 0.031726
0 0.295000 0.705584 0.007143 0.030457
0 0.314286 0.659264 0.005714 0.024112
0 0.333571 0.655457 0.005714 0.026650
0 0.332857 0.650381 0.005714 0.026650
0 0.337857 0.631980 0.005714 0.025381
0 0.350714 0.646574 0.008571 0.024112
0 0.352143 0.631345 0.004286 0.024112
0 0.359286 0.618020 0.008571 0.025381
0 0.375000 0.610406 0.005714 0.025381
0 0.374643 0.601523 0.005000 0.027919
0 0.373214 0.589467 0.009286 0.026650
0 0.598214 0.272208 0.005000 0.021574
0 0.679286 0.330584 0.005714 0.019036
0 0.764643 0.331218 0.006429 0.017766
0 0.958929 0.315355 0.006429 0.019036
0 0.852143 0.309645 0.007143 0.020305
0 0.784286 0.314721 0.008571 0.022843
0 0.691786 0.409264 0.005000 0.021574
0 0.684643 0.414340 0.005000 0.021574
0 0.637500 0.509518 0.005000 0.024112
