0 0.545000 0.540476 0.027143 0.069524
0 0.488929 0.536667 0.023571 0.067619
0 0.454286 0.419524 0.011429 0.044762
0 0.466429 0.419524 0.014286 0.040952
0 0.088214 0.355714 0.012143 0.027619
0 0.111429 0.347143 0.010000 0.029524
0 0.122857 0.342381 0.011429 0.027619
0 0.717143 0.408571 0.010000 0.041905
0 0.728214 0.408571 0.010714 0.047619
0 0.377500 0.378571 0.006429 0.035238
0 0.381429 0.373333 0.004286 0.030476
0 0.395000 0.375714 0.010000 0.037143
0 0.404643 0.371905 0.009286 0.029524
0 0.110357 0.320476 0.006429 0.021905
0 0.117857 0.319048 0.004286 0.019048
0 0.121786 0.319524 0.005000 0.020000
0 0.127500 0.320476 0.003571 0.020000
0 0.130357 0.322381 0.005000 0.018095
0 0.135714 0.319524 0.007143 0.021905
0 0.143214 0.320000 0.006429 0.020952
0 0.171786 0.319524 0.006429 0.020000
0 0.182143 0.318095 0.005714 0.019048
0 0.053571 0.299048 0.005714 0.015238
0 0.067500 0.302381 0.006429 0.014286
0 0.102857 0.299048 0.005714 0.015238
0 0.944286 0.382857 0.015714 0.030476
0 0.985000 0.397143 0.012857 0.034286
0 0.995357 0.403810 0.009286 0.045714
0 0.582143 0.388095 0.014286 0.042857
0 0.625357 0.523810 0.023571 0.060952
0 0.305000 0.435238 0.015714 0.040000
0 0.229286 0.383810 0.011429 0.020952
