0 0.570714 0.156190 0.008571 0.022857
0 0.511071 0.464286 0.015000 0.042857
0 0.491786 0.438571 0.012143 0.040952
0 0.332500 0.608571 0.016429 0.051429
0 0.196429 0.441905 0.020000 0.047619
0 0.137857 0.458095 0.021429 0.043810
0 0.067500 0.451905 0.026429 0.040952
0 0.101429 0.629524 0.025714 0.051429
0 0.085714 0.648571 0.025714 0.051429
0 0.065000 0.670476 0.025714 0.041905
0 0.048571 0.667619 0.025714 0.047619
0 0.026071 0.700952 0.035000 0.055238
0 0.026071 0.671429 0.026429 0.049524
0 0.115000 0.424286 0.015714 0.037143
0 0.140000 0.407619 0.018571 0.043810
0 0.131071 0.439524 0.022143 0.040952
0 0.042143 0.431905 0.017143 0.040952
0 0.031429 0.446667 0.020000 0.041905
0 0.235357 0.498095 0.016429 0.045714
0 0.310357 0.307619 0.013571 0.036190
0 0.317857 0.315714 0.011429 0.035238
0 0.213571 0.242857 0.014286 0.032381
0 0.571429 0.480952 0.015714 0.041905
0 0.285714 0.677143 0.024286 0.049524
0 0.250714 0.395238 0.017143 0.024762
0 0.165714 0.356190 0.015714 0.038095
0 0.726429 0.257143 0.011429 0.024762
