0 0.568214 0.720812 0.007857 0.022843
0 0.535000 0.728426 0.007143 0.017766
0 0.643571 0.903553 0.007143 0.017766
0 0.724286 0.846447 0.005714 0.022843
0 0.735000 0.853426 0.007143 0.019036
0 0.740000 0.433376 0.007143 0.021574
0 0.772143 0.411802 0.007143 0.021574
0 0.811429 0.452411 0.004286 0.016497
0 0.805714 0.397843 0.005714 0.013959
0 0.783214 0.383249 0.002143 0.010152
0 0.891429 0.833756 0.007143 0.020305
0 0.935000 0.772208 0.011429 0.019036
0 0.938214 0.728426 0.009286 0.022843
0 0.941429 0.706853 0.010000 0.020305
0 0.967143 0.730330 0.007143 0.026650
0 0.942500 0.876269 0.007857 0.019036
0 0.940714 0.762056 0.010000 0.016497
0 0.863571 0.334391 0.005714 0.021574
0 0.956429 0.398477 0.004286 0.017766
0 0.955714 0.806472 0.010000 0.013959
0 0.958929 0.791244 0.009286 0.019036
0 0.981786 0.661802 0.012143 0.016497
0 0.978214 0.689721 0.010714 0.019036
