0 0.238929 0.093810 0.006429 0.020000
0 0.321071 0.084762 0.005000 0.017143
0 0.324286 0.094762 0.007143 0.021905
0 0.401429 0.041905 0.004286 0.019048
0 0.450000 0.096667 0.008571 0.020000
0 0.426786 0.416667 0.007857 0.025714
0 0.306071 0.005238 0.007857 0.010476
0 0.674286 0.435714 0.011429 0.018095
0 0.493214 0.361429 0.009286 0.029524
0 0.085714 0.133333 0.012857 0.013333
0 0.185714 0.481429 0.015714 0.027619
0 0.433214 0.401905 0.007857 0.022857
0 0.334286 0.369524 0.007143 0.024762
0 0.781429 0.625714 0.014286 0.024762
0 0.933571 0.344286 0.008571 0.014286
0 0.926429 0.343810 0.008571 0.013333
0 0.882857 0.532381 0.017143 0.028571
0 0.891429 0.525238 0.011429 0.029524
0 0.550000 0.016190 0.005714 0.015238
0 0.545714 0.016190 0.005714 0.017143
0 0.879643 0.118095 0.007857 0.022857
0 0.895357 0.127143 0.007857 0.020000
0 0.901429 0.124286 0.007143 0.020000
0 0.756071 0.135714 0.006429 0.020000
0 0.653214 0.114286 0.007857 0.017143
0 0.658929 0.065238 0.006429 0.018095
0 0.655000 0.034762 0.004286 0.018095
0 0.660000 0.051429 0.005714 0.019048
0 0.640357 0.024286 0.005000 0.016190
0 0.807143 0.120952 0.004286 0.009524
0 0.806786 0.111905 0.007857 0.016190
0 0.886429 0.108095 0.005714 0.018095
0 0.778929 0.147143 0.009286 0.016190
