0 0.196786 0.951142 0.012143 0.034264
0 0.206786 0.355964 0.005000 0.021574
0 0.412857 0.478426 0.005714 0.025381
0 0.405357 0.470812 0.003571 0.017766
0 0.394286 0.553299 0.008571 0.025381
0 0.392857 0.591371 0.005714 0.027919
0 0.386071 0.600254 0.007857 0.025381
0 0.448571 0.336294 0.005714 0.022843
0 0.085714 0.512690 0.010000 0.025381
0 0.374286 0.595812 0.007143 0.026650
0 0.159643 0.987944 0.012143 0.021574
0 0.077500 0.986041 0.012143 0.025381
0 0.830000 0.426396 0.010000 0.025381
0 0.721786 0.382614 0.005000 0.024112
0 0.725357 0.378807 0.006429 0.019036
0 0.519643 0.309645 0.007857 0.022843
0 0.706071 0.402284 0.010714 0.025381
0 0.779286 0.809645 0.010000 0.030457
0 0.787143 0.813452 0.007143 0.027919
0 0.409643 0.468909 0.005000 0.016497
0 0.376071 0.592640 0.003571 0.010152
0 0.349643 0.358503 0.007857 0.019036
0 0.351786 0.353426 0.006429 0.019036
0 0.419643 0.354061 0.007857 0.022843
0 0.205357 0.351523 0.005000 0.022843
0 0.547857 0.295051 0.005714 0.024112
0 0.466071 0.133249 0.005000 0.022843
