0 0.653929 0.895714 0.035000 0.035238
0 0.819643 0.923810 0.025000 0.030476
0 0.784286 0.674286 0.014286 0.034286
0 0.735714 0.765238 0.015714 0.029524
0 0.841071 0.694762 0.017857 0.025714
0 0.837857 0.684762 0.018571 0.026667
0 0.867500 0.692857 0.016429 0.025714
0 0.859643 0.679048 0.016429 0.026667
0 0.802143 0.612857 0.010000 0.029524
0 0.792857 0.592381 0.011429 0.020952
0 0.409643 0.810952 0.013571 0.031429
0 0.423571 0.823333 0.014286 0.021905
0 0.402857 0.754286 0.022857 0.043810
0 0.517857 0.503333 0.015714 0.027619
0 0.233214 0.183333 0.010714 0.025714
0 0.252500 0.183333 0.012143 0.027619
0 0.258214 0.178095 0.012143 0.026667
0 0.209643 0.132381 0.013571 0.030476
0 0.220714 0.120000 0.012857 0.030476
0 0.118929 0.029524 0.012143 0.022857
