0 0.293214 0.745238 0.010714 0.033333
0 0.306071 0.595238 0.005000 0.015238
0 0.293929 0.594762 0.005000 0.016190
0 0.188929 0.596190 0.007857 0.015238
0 0.962857 0.733810 0.011429 0.033333
0 0.996786 0.712381 0.006429 0.028571
0 0.687500 0.558095 0.002143 0.007619
0 0.872143 0.613333 0.002857 0.011429
0 0.875357 0.612381 0.003571 0.013333
0 0.879286 0.613333 0.004286 0.013333
0 0.848929 0.597619 0.003571 0.008571
0 0.842500 0.605238 0.003571 0.012381
0 0.835714 0.600952 0.002857 0.009524
0 0.809286 0.569524 0.001429 0.007619
