0 0.291071 0.339524 0.002143 0.006667
0 0.286071 0.339524 0.002143 0.006667
0 0.362143 0.341429 0.001429 0.008571
0 0.351786 0.342381 0.002143 0.006667
0 0.182143 0.353333 0.002857 0.005714
0 0.312500 0.447143 0.005000 0.016190
0 0.412500 0.375238 0.002143 0.007619
0 0.402143 0.932857 0.002857 0.008571
0 0.629286 0.022857 0.001429 0.005714
0 0.638571 0.141905 0.002857 0.011429
0 0.631786 0.202857 0.003571 0.009524
0 0.652857 0.334762 0.002857 0.012381
0 0.706786 0.593810 0.010714 0.023810
0 0.689286 0.378095 0.004286 0.007619
0 0.746429 0.462857 0.002857 0.007619
0 0.754643 0.456667 0.003571 0.010476
0 0.768571 0.456667 0.002857 0.010476
0 0.763929 0.456667 0.002143 0.006667
