0 0.011071 0.073810 0.009286 0.010476
0 0.890000 0.228095 0.005714 0.010476
0 0.938214 0.283333 0.006429 0.008571
0 0.863214 0.577619 0.006429 0.008571
0 0.812857 0.577619 0.005714 0.004762
0 0.817500 0.576667 0.002143 0.002857
0 0.905000 0.684762 0.007143 0.005714
0 0.905357 0.681429 0.007857 0.008571
0 0.560357 0.644762 0.003571 0.007619
0 0.715714 0.415238 0.004286 0.009524
0 0.819286 0.347619 0.004286 0.007619
0 0.851786 0.334286 0.006429 0.009524
0 0.496786 0.806190 0.005000 0.004762
0 0.457500 0.486190 0.005000 0.006667
0 0.604643 0.514286 0.003571 0.005714
0 0.762143 0.021905 0.004286 0.009524
0 0.734286 0.102381 0.004286 0.010476
0 0.718571 0.130476 0.004286 0.011429
0 0.645357 0.180476 0.002143 0.008571
0 0.576786 0.278095 0.003571 0.009524
0 0.650000 0.177619 0.005714 0.010476
0 0.635714 0.175238 0.002857 0.005714
0 0.633929 0.115714 0.003571 0.006667
0 0.578929 0.254762 0.005000 0.006667
0 0.688571 0.074762 0.002857 0.008571
0 0.727143 0.013333 0.004286 0.009524
0 0.737143 0.024762 0.004286 0.009524
0 0.705714 0.132381 0.002857 0.013333
0 0.690357 0.126190 0.003571 0.012381
0 0.685000 0.122857 0.004286 0.007619
0 0.705714 0.117143 0.002857 0.007619
0 0.709286 0.108571 0.002857 0.009524
0 0.642143 0.095714 0.005714 0.010476
0 0.707500 0.079524 0.003571 0.006667
0 0.710000 0.100000 0.004286 0.011429
0 0.708929 0.085238 0.003571 0.010476
0 0.650714 0.075714 0.002857 0.014286
0 0.396786 0.208095 0.005000 0.010476
0 0.416429 0.229524 0.004286 0.011429
0 0.417857 0.225714 0.002857 0.009524
0 0.056071 0.631429 0.009286 0.007619
0 0.037500 0.710000 0.010714 0.004762
0 0.035000 0.701905 0.007143 0.003810
0 0.005357 0.707619 0.010714 0.009524
0 0.393929 0.875714 0.005000 0.006667
0 0.481071 0.409524 0.005000 0.005714
0 0.476071 0.400476 0.003571 0.004762
0 0.471429 0.398095 0.004286 0.007619
0 0.503214 0.320476 0.003571 0.010476
0 0.558929 0.243810 0.003571 0.007619
0 0.562500 0.232381 0.003571 0.007619
0 0.593571 0.018571 0.002857 0.004762
0 0.586429 0.009524 0.002857 0.009524
0 0.659286 0.073810 0.001429 0.004762
