0 0.453571 0.032857 0.002857 0.010476
0 0.450357 0.032381 0.002143 0.007619
0 0.450357 0.010000 0.002143 0.006667
0 0.447857 0.009048 0.001429 0.006667
0 0.443571 0.049048 0.002857 0.008571
0 0.439643 0.048571 0.002143 0.009524
0 0.442500 0.027619 0.002143 0.005714
0 0.439643 0.027143 0.002143 0.008571
0 0.566786 0.047619 0.002143 0.007619
0 0.563929 0.047143 0.002143 0.008571
0 0.570000 0.074286 0.002857 0.013333
0 0.577857 0.110476 0.002857 0.013333
0 0.584286 0.064762 0.002857 0.011429
0 0.616786 0.156190 0.003571 0.011429
0 0.610357 0.160952 0.002143 0.009524
0 0.618571 0.230000 0.004286 0.014286
0 0.620000 0.278095 0.004286 0.015238
0 0.615357 0.275714 0.003571 0.014286
0 0.428214 0.156667 0.002143 0.012381
0 0.425000 0.156190 0.002857 0.013333
0 0.439643 0.235714 0.005000 0.016190
0 0.495357 0.223810 0.003571 0.015238
0 0.489643 0.218095 0.003571 0.013333
0 0.435357 0.204762 0.003571 0.015238
0 0.381429 0.444286 0.004286 0.014286
0 0.356071 0.591905 0.002143 0.012381
0 0.362143 0.587143 0.002857 0.016190
0 0.648929 0.406667 0.006429 0.020952
0 0.636786 0.273333 0.003571 0.015238
0 0.555714 0.171429 0.002857 0.009524
0 0.545000 0.176667 0.002857 0.008571
0 0.509286 0.185714 0.002857 0.007619
0 0.503571 0.181429 0.002857 0.008571
0 0.498929 0.204762 0.002143 0.007619
0 0.502857 0.206190 0.002857 0.006667
0 0.508571 0.222857 0.004286 0.011429
0 0.499286 0.462857 0.007143 0.011429
0 0.587500 0.479048 0.006429 0.013333
