0 0.222500 0.077143 0.013571 0.032381
0 0.356071 0.154762 0.016429 0.042857
0 0.335000 0.020000 0.010000 0.034286
0 0.645357 0.017143 0.015000 0.034286
0 0.676071 0.009048 0.006429 0.018095
0 0.681429 0.009524 0.005714 0.019048
0 0.692857 0.011905 0.010000 0.021905
0 0.728214 0.014286 0.006429 0.026667
0 0.670357 0.131429 0.015000 0.041905
0 0.698929 0.100000 0.009286 0.036190
0 0.708214 0.097143 0.006429 0.020952
0 0.821071 0.271429 0.013571 0.038095
0 0.841429 0.270476 0.017143 0.051429
0 0.937857 0.580000 0.024286 0.062857
0 0.045000 0.613810 0.031429 0.069524
