0 0.890250 0.284667 0.006500 0.018667
0 0.840000 0.278667 0.009000 0.014667
0 0.936250 0.235333 0.005500 0.013333
0 0.920750 0.209333 0.003500 0.010667
0 0.889250 0.195667 0.004500 0.011333
0 0.864000 0.192667 0.004000 0.012000
0 0.844000 0.194667 0.004000 0.012000
0 0.810750 0.149000 0.003500 0.008667
0 0.816250 0.140667 0.002500 0.008000
0 0.332250 0.258667 0.004500 0.016000
0 0.460750 0.203333 0.002500 0.010667
0 0.502250 0.206000 0.003500 0.012000
0 0.524750 0.206333 0.002500 0.012667
0 0.530500 0.203667 0.003000 0.011333
0 0.535750 0.202667 0.002500 0.010667
0 0.539250 0.192667 0.003500 0.010667
0 0.534000 0.186667 0.003000 0.010667
0 0.544250 0.187333 0.002500 0.010667
0 0.114750 0.335333 0.011500 0.018667
0 0.491750 0.352667 0.009500 0.025333
0 0.403000 0.434333 0.011000 0.018000
