0 0.120357 0.182107 0.003571 0.011421
0 0.318571 0.036802 0.001429 0.005076
0 0.157857 0.262690 0.002857 0.010152
0 0.164286 0.259518 0.002857 0.008883
0 0.148929 0.277919 0.003571 0.010152
0 0.138214 0.278553 0.005000 0.011421
0 0.143929 0.278553 0.003571 0.008883
0 0.168571 0.263325 0.002857 0.008883
0 0.170357 0.258249 0.002143 0.008883
0 0.146429 0.283629 0.002857 0.006345
0 0.094643 0.315355 0.005000 0.013959
0 0.081786 0.755076 0.005000 0.015228
0 0.080000 0.755076 0.004286 0.012690
0 0.355357 0.216371 0.002143 0.011421
0 0.344643 0.233503 0.003571 0.010152
0 0.340000 0.248731 0.002857 0.012690
0 0.335000 0.248731 0.002857 0.012690
0 0.388929 0.276650 0.005000 0.012690
0 0.362857 0.265863 0.002857 0.011421
0 0.422143 0.284264 0.002857 0.012690
0 0.520000 0.319162 0.002857 0.011421
0 0.603214 0.344543 0.003571 0.011421
0 0.656071 0.363579 0.003571 0.011421
0 0.660357 0.374365 0.003571 0.012690
0 0.692143 0.379442 0.004286 0.012690
0 0.857857 0.436548 0.004286 0.010152
0 0.925000 0.468909 0.004286 0.013959
