0 0.276429 0.767143 0.008571 0.012381
0 0.273571 0.759048 0.005714 0.013333
0 0.754643 0.770476 0.010714 0.013333
0 0.655714 0.733333 0.008571 0.015238
0 0.747857 0.747619 0.010000 0.015238
0 0.227500 0.316667 0.005000 0.012381
0 0.191786 0.245238 0.006429 0.014286
0 0.057143 0.061905 0.005714 0.011429
0 0.671071 0.596190 0.007857 0.015238
0 0.684643 0.587619 0.006429 0.013333
0 0.715714 0.574762 0.008571 0.014286
0 0.717143 0.515714 0.005714 0.014286
0 0.935357 0.787619 0.006429 0.011429
0 0.974286 0.833333 0.008571 0.011429
0 0.757500 0.467143 0.007857 0.016190
0 0.491786 0.464762 0.006429 0.013333
0 0.540357 0.446667 0.006429 0.011429
0 0.450000 0.364762 0.004286 0.009524
0 0.654643 0.348095 0.006429 0.014286
0 0.257143 0.107143 0.005714 0.012381
