0 0.029286 0.815238 0.020000 0.028571
0 0.186071 0.729524 0.007857 0.026667
0 0.347143 0.537143 0.007143 0.019048
0 0.538214 0.284762 0.003571 0.007619
0 0.471429 0.297143 0.004286 0.007619
0 0.460714 0.349048 0.004286 0.008571
0 0.463214 0.348095 0.005000 0.010476
0 0.335357 0.451905 0.005000 0.014286
0 0.572500 0.425238 0.005000 0.018095
0 0.586429 0.420000 0.004286 0.019048
0 0.626071 0.215714 0.003571 0.010476
0 0.596429 0.207619 0.001429 0.009524
0 0.607143 0.195238 0.002857 0.009524
0 0.611071 0.195238 0.003571 0.011429
0 0.614643 0.195714 0.002143 0.008571
0 0.343571 0.268571 0.002857 0.009524
