0 0.453571 0.929524 0.007143 0.017143
0 0.440714 0.825714 0.007143 0.020952
0 0.593929 0.895238 0.007857 0.017143
0 0.590000 0.834762 0.005714 0.016190
0 0.594643 0.838095 0.005000 0.011429
0 0.583214 0.787143 0.006429 0.014286
0 0.570357 0.676190 0.005000 0.017143
0 0.561071 0.655714 0.006429 0.016190
0 0.556071 0.649524 0.005000 0.015238
0 0.561786 0.627143 0.003571 0.010476
0 0.551071 0.630476 0.005000 0.009524
0 0.434643 0.499524 0.006429 0.012381
0 0.441071 0.445714 0.005000 0.015238
0 0.479286 0.497619 0.005714 0.016190
0 0.453571 0.594286 0.004286 0.017143
0 0.571071 0.727619 0.005000 0.015238
0 0.563214 0.726667 0.005000 0.017143
0 0.526786 0.442857 0.005000 0.013333
0 0.478214 0.300000 0.003571 0.013333
0 0.483214 0.303333 0.003571 0.012381
0 0.488571 0.306190 0.004286 0.012381
0 0.478929 0.258571 0.003571 0.012381
0 0.519643 0.361429 0.003571 0.012381
0 0.465714 0.200476 0.004286 0.012381
0 0.447500 0.125714 0.003571 0.013333
0 0.481429 0.092381 0.002857 0.011429
0 0.487500 0.093810 0.003571 0.010476
0 0.490714 0.090476 0.002857 0.011429
0 0.526786 0.277143 0.003571 0.013333
0 0.495714 0.301905 0.002857 0.015238
0 0.529286 0.988571 0.008571 0.011429
0 0.525000 0.978571 0.011429 0.018095
0 0.511429 0.922857 0.007143 0.015238
0 0.500000 0.930952 0.008571 0.018095
0 0.514643 0.881429 0.007857 0.018095
0 0.525357 0.836667 0.007857 0.016190
0 0.532500 0.765238 0.006429 0.014286
0 0.525000 0.791905 0.007143 0.016190
0 0.495714 0.745238 0.007143 0.014286
0 0.486429 0.722857 0.005714 0.015238
0 0.480714 0.569048 0.005714 0.010476
0 0.496786 0.525238 0.005000 0.010476
0 0.501786 0.495238 0.005000 0.011429
0 0.490000 0.426190 0.004286 0.008571
0 0.453571 0.366190 0.004286 0.014286
0 0.482143 0.328095 0.004286 0.010476
