0 0.268214 0.327619 0.017857 0.038095
0 0.489643 0.035238 0.007857 0.036190
0 0.501071 0.034762 0.006429 0.031429
0 0.472500 0.130000 0.010714 0.044762
0 0.575714 0.050000 0.007143 0.033333
0 0.581786 0.078095 0.007857 0.030476
0 0.582500 0.085714 0.007857 0.030476
0 0.557143 0.079048 0.011429 0.038095
0 0.590357 0.117619 0.009286 0.037143
0 0.493214 0.124286 0.013571 0.042857
0 0.507143 0.163810 0.012857 0.038095
0 0.567857 0.173333 0.007143 0.030476
0 0.559643 0.150476 0.010714 0.034286
0 0.522857 0.120476 0.010000 0.035238
0 0.512500 0.117143 0.009286 0.040000
0 0.654643 0.554286 0.016429 0.055238
0 0.633929 0.541429 0.022143 0.056190
0 0.648214 0.515714 0.023571 0.054286
0 0.661786 0.432381 0.017857 0.051429
0 0.579643 0.359524 0.015000 0.046667
0 0.620357 0.367619 0.013571 0.041905
0 0.719643 0.422381 0.015000 0.035238
0 0.731429 0.414762 0.021429 0.035238
0 0.679643 0.372857 0.012143 0.027619
