0 0.457500 0.984762 0.017857 0.030476
0 0.475357 0.980476 0.020714 0.039048
0 0.802143 0.756190 0.014286 0.047619
0 0.621071 0.580000 0.010714 0.041905
0 0.643571 0.590476 0.015714 0.047619
0 0.656071 0.496667 0.007857 0.033333
0 0.663571 0.496190 0.008571 0.026667
0 0.463929 0.540476 0.007857 0.035238
0 0.307143 0.464762 0.005714 0.030476
0 0.316786 0.439048 0.005000 0.028571
0 0.338214 0.447619 0.006429 0.024762
0 0.364286 0.448095 0.007143 0.027619
0 0.364643 0.440952 0.006429 0.026667
0 0.331786 0.420952 0.006429 0.026667
0 0.306071 0.422381 0.005000 0.021905
0 0.312857 0.411905 0.005714 0.020000
0 0.320357 0.419524 0.006429 0.025714
0 0.382857 0.467143 0.007143 0.033333
0 0.384286 0.447619 0.008571 0.028571
0 0.397857 0.475714 0.007143 0.023810
0 0.393929 0.473333 0.005000 0.026667
0 0.403571 0.470476 0.007143 0.030476
0 0.421429 0.446667 0.008571 0.026667
0 0.421429 0.436667 0.005714 0.023810
0 0.415714 0.419524 0.007143 0.023810
0 0.365000 0.412381 0.007143 0.026667
0 0.374643 0.416190 0.007857 0.022857
0 0.378571 0.409048 0.005714 0.021905
0 0.380357 0.439048 0.005000 0.026667
0 0.383214 0.406190 0.005000 0.021905
0 0.386786 0.408095 0.005000 0.023810
0 0.390714 0.409524 0.005714 0.022857
0 0.392143 0.418095 0.005714 0.019048
0 0.394643 0.428095 0.006429 0.021905
0 0.392143 0.447143 0.005714 0.020000
0 0.397143 0.449048 0.007143 0.021905
0 0.394643 0.439524 0.006429 0.021905
0 0.395714 0.429524 0.007143 0.022857
0 0.351429 0.434762 0.010000 0.023810
0 0.351786 0.418571 0.006429 0.025714
0 0.348214 0.404762 0.005000 0.022857
0 0.364286 0.397143 0.005714 0.024762
0 0.388214 0.393333 0.005000 0.019048
0 0.377857 0.396190 0.004286 0.015238
0 0.373571 0.395714 0.005714 0.018095
0 0.415714 0.386667 0.004286 0.022857
0 0.407857 0.395238 0.005714 0.020952
0 0.418929 0.296190 0.003571 0.013333
0 0.416071 0.293810 0.003571 0.014286
0 0.407143 0.287619 0.004286 0.011429
0 0.451786 0.344762 0.006429 0.019048
0 0.466071 0.548571 0.012143 0.041905
0 0.487143 0.508571 0.008571 0.032381
0 0.340714 0.433333 0.007143 0.026667
0 0.405357 0.426667 0.006429 0.024762
0 0.408929 0.440952 0.009286 0.026667
