0 0.383214 0.921320 0.012143 0.020305
0 0.362500 0.668782 0.012143 0.020305
0 0.367857 0.654822 0.008571 0.020305
0 0.163571 0.263959 0.010000 0.027919
0 0.351786 0.256345 0.006429 0.022843
0 0.380714 0.254442 0.007143 0.024112
0 0.435714 0.212563 0.007143 0.021574
0 0.438929 0.212563 0.005000 0.019036
0 0.445714 0.217640 0.005714 0.021574
0 0.376786 0.251269 0.006429 0.025381
0 0.343929 0.246827 0.009286 0.021574
0 0.615714 0.127538 0.007143 0.019036
0 0.612500 0.134518 0.007857 0.022843
0 0.543929 0.217640 0.006429 0.029188
0 0.686071 0.229695 0.007857 0.025381
0 0.735000 0.362310 0.010000 0.019036
0 0.827143 0.359137 0.007143 0.025381
0 0.828214 0.351523 0.007857 0.027919
0 0.822500 0.638325 0.007857 0.025381
0 0.830000 0.635787 0.010000 0.020305
0 0.815357 0.635787 0.010714 0.022843
0 0.448929 0.013325 0.006429 0.019036
0 0.315714 0.747462 0.005714 0.012690
0 0.321429 0.744289 0.007143 0.016497
0 0.317500 0.726523 0.010714 0.011421
0 0.961786 0.421954 0.010714 0.019036
0 0.960714 0.416244 0.005714 0.012690
0 0.962857 0.414975 0.014286 0.020305
