0 0.207500 0.597716 0.003571 0.010152
0 0.206786 0.595178 0.005000 0.012690
0 0.212500 0.594543 0.005000 0.011421
0 0.208571 0.590102 0.004286 0.012690
0 0.166429 0.763325 0.004286 0.011421
0 0.294286 0.340736 0.004286 0.011421
0 0.383571 0.397208 0.004286 0.012690
0 0.382857 0.399746 0.002857 0.007614
0 0.522857 0.345178 0.002857 0.010152
0 0.525357 0.350888 0.002143 0.011421
0 0.527143 0.354061 0.002857 0.010152
0 0.905357 0.758883 0.006429 0.010152
0 0.845357 0.762056 0.006429 0.013959
0 0.916071 0.756980 0.005000 0.008883
0 0.900000 0.756980 0.004286 0.013959
0 0.973214 0.767132 0.003571 0.013959
