0 0.014643 0.421954 0.005000 0.013959
0 0.008214 0.428934 0.006429 0.015228
0 0.003929 0.432107 0.006429 0.013959
0 0.027143 0.428934 0.005714 0.015228
0 0.026071 0.437183 0.007857 0.011421
0 0.013571 0.454315 0.005714 0.017766
0 0.068214 0.546320 0.007857 0.013959
0 0.056786 0.604061 0.005000 0.012690
0 0.052143 0.606599 0.004286 0.012690
0 0.069643 0.649746 0.007857 0.015228
0 0.181429 0.484137 0.004286 0.013959
0 0.179643 0.538706 0.005000 0.013959
0 0.114286 0.690355 0.005714 0.015228
0 0.121071 0.722081 0.005000 0.015228
0 0.075357 0.937817 0.006429 0.015228
0 0.075357 0.932107 0.005000 0.008883
0 0.862500 0.753173 0.006429 0.013959
0 0.862857 0.746193 0.007143 0.012690
0 0.866071 0.734772 0.006429 0.010152
0 0.860714 0.479061 0.005714 0.013959
0 0.854643 0.473985 0.005000 0.013959
0 0.549643 0.868020 0.006429 0.017766
0 0.294643 0.081218 0.002143 0.010152
0 0.305714 0.052030 0.002857 0.010152
0 0.296786 0.081853 0.002143 0.008883
0 0.298929 0.080584 0.002143 0.011421
0 0.240000 0.186548 0.002857 0.012690
0 0.229643 0.078046 0.002143 0.008883
