0 0.297250 0.889000 0.007500 0.018000
0 0.753500 0.146333 0.012000 0.014000
0 0.635000 0.131667 0.011000 0.018000
0 0.268000 0.484667 0.012000 0.012000
0 0.218250 0.339000 0.012500 0.012667
0 0.215000 0.328000 0.008000 0.006667
0 0.175250 0.164333 0.011500 0.016667
0 0.164000 0.157667 0.012000 0.016667
0 0.024750 0.435667 0.015500 0.011333
0 0.020750 0.425667 0.023500 0.014000
0 0.070500 0.182000 0.011000 0.010667
0 0.051250 0.249000 0.018500 0.018000
0 0.031500 0.268333 0.020000 0.016667
0 0.038750 0.278333 0.011500 0.010000
0 0.066000 0.261667 0.018000 0.014000
0 0.048000 0.208000 0.013000 0.016000
0 0.054250 0.216333 0.008500 0.008667
0 0.311250 0.134333 0.012500 0.020667
