0 0.472500 0.656091 0.007857 0.025381
0 0.383571 0.517766 0.007143 0.025381
0 0.379286 0.512690 0.005714 0.025381
0 0.680000 0.668782 0.007143 0.035533
0 0.593214 0.449239 0.007857 0.022843
0 0.601786 0.428934 0.006429 0.025381
0 0.611071 0.444797 0.006429 0.024112
0 0.617500 0.437183 0.005000 0.026650
0 0.626071 0.427665 0.005000 0.030457
0 0.627143 0.461294 0.005714 0.026650
0 0.633214 0.461294 0.005000 0.024112
0 0.550714 0.348985 0.005714 0.020305
0 0.537857 0.352792 0.005714 0.017766
0 0.532143 0.353426 0.004286 0.016497
0 0.008571 0.443528 0.008571 0.026650
0 0.005000 0.439721 0.005714 0.021574
0 0.147143 0.269670 0.005714 0.016497
0 0.142500 0.266497 0.005000 0.017766
0 0.138214 0.262690 0.003571 0.015228
0 0.151429 0.241117 0.005714 0.015228
0 0.153214 0.238579 0.005000 0.017766
0 0.156071 0.237310 0.005000 0.015228
0 0.183214 0.208122 0.005000 0.017766
0 0.198571 0.194162 0.004286 0.017766
0 0.067143 0.357234 0.004286 0.019036
0 0.236786 0.145305 0.003571 0.013959
0 0.221071 0.156726 0.003571 0.013959
0 0.294286 0.075508 0.002857 0.011421
0 0.282857 0.093909 0.002857 0.012690
