0 0.707143 0.980000 0.005714 0.013333
0 0.603929 0.894286 0.005000 0.013333
0 0.604643 0.660476 0.005000 0.006667
0 0.472857 0.475238 0.002857 0.009524
0 0.655000 0.687143 0.004286 0.004762
0 0.801786 0.590476 0.005000 0.007619
0 0.910357 0.732857 0.006429 0.008571
0 0.869286 0.755238 0.008571 0.005714
0 0.880000 0.742381 0.008571 0.012381
0 0.896429 0.725714 0.008571 0.009524
0 0.914286 0.526190 0.008571 0.006667
0 0.914286 0.522381 0.008571 0.006667
0 0.836429 0.599524 0.007143 0.006667
0 0.820714 0.605714 0.004286 0.003810
0 0.979643 0.469524 0.009286 0.007619
0 0.918929 0.886190 0.009286 0.008571
0 0.986786 0.982381 0.007857 0.006667
0 0.984286 0.974286 0.007143 0.007619
0 0.958571 0.933333 0.007143 0.007619
0 0.974643 0.947143 0.010714 0.008571
0 0.971429 0.920476 0.011429 0.008571
0 0.984286 0.950476 0.008571 0.009524
0 0.955714 0.886190 0.007143 0.010476
0 0.932500 0.866667 0.007857 0.009524
0 0.996429 0.827619 0.007143 0.005714
