0 0.770714 0.531429 0.005714 0.019048
0 0.169286 0.876667 0.011429 0.020000
0 0.831429 0.670000 0.008571 0.014286
0 0.804643 0.715714 0.007857 0.016190
0 0.855714 0.711429 0.005714 0.009524
0 0.858929 0.707619 0.009286 0.011429
0 0.966071 0.367143 0.009286 0.016190
0 0.449643 0.136667 0.003571 0.010476
0 0.445714 0.135238 0.004286 0.007619
0 0.470000 0.151429 0.002857 0.013333
0 0.453214 0.129524 0.005000 0.011429
0 0.438214 0.127619 0.003571 0.011429
0 0.411429 0.148571 0.002857 0.007619
0 0.412500 0.112857 0.003571 0.006667
0 0.269643 0.105238 0.003571 0.006667
0 0.259643 0.012857 0.002143 0.004762
0 0.055357 0.007619 0.003571 0.005714
0 0.081071 0.445238 0.006429 0.010476
0 0.098214 0.441429 0.007857 0.010476
0 0.099286 0.437143 0.010000 0.015238
