0 0.878571 0.446066 0.011429 0.041878
0 0.561786 0.194162 0.007857 0.020305
0 0.657143 0.374365 0.007143 0.022843
0 0.643571 0.535533 0.007143 0.030457
0 0.635714 0.499365 0.007143 0.019036
0 0.636786 0.545051 0.007857 0.026650
0 0.638214 0.479695 0.006429 0.025381
0 0.631786 0.484137 0.006429 0.029188
0 0.399286 0.368020 0.008571 0.020305
0 0.403929 0.370558 0.005000 0.017766
0 0.404286 0.349619 0.005714 0.024112
0 0.345000 0.409898 0.008571 0.032995
0 0.632857 0.053934 0.007143 0.026650
0 0.677143 0.059010 0.004286 0.021574
0 0.675714 0.051396 0.005714 0.021574
0 0.668214 0.060914 0.007857 0.022843
0 0.390000 0.109137 0.005714 0.025381
0 0.571429 0.731599 0.007143 0.036802
