0 0.344286 0.393810 0.008571 0.027619
0 0.425000 0.121905 0.005714 0.019048
0 0.418929 0.149048 0.005000 0.020000
0 0.412500 0.082381 0.003571 0.014286
0 0.408214 0.083333 0.003571 0.014286
0 0.429286 0.010476 0.002857 0.009524
0 0.423929 0.013333 0.003571 0.011429
0 0.539286 0.046190 0.002857 0.010476
0 0.534286 0.049524 0.004286 0.011429
0 0.519643 0.163333 0.003571 0.008571
0 0.327500 0.259524 0.002143 0.014286
0 0.323571 0.259524 0.002857 0.012381
0 0.418571 0.463810 0.005714 0.026667
0 0.481429 0.664762 0.010000 0.017143
0 0.142857 0.984286 0.011429 0.031429
0 0.490714 0.236667 0.004286 0.018095
0 0.592143 0.456667 0.007143 0.025714
0 0.592143 0.424762 0.004286 0.022857
0 0.586786 0.430000 0.003571 0.020000
0 0.708571 0.453810 0.005714 0.027619
0 0.699643 0.458095 0.006429 0.026667
0 0.685714 0.304762 0.004286 0.019048
0 0.690714 0.305238 0.004286 0.014286
0 0.653214 0.230952 0.003571 0.018095
0 0.658214 0.229524 0.003571 0.022857
0 0.662857 0.227143 0.002857 0.020000
0 0.682857 0.181429 0.004286 0.020000
0 0.674286 0.035714 0.004286 0.012381
0 0.668571 0.034762 0.002857 0.012381
0 0.782143 0.335714 0.005714 0.020000
0 0.813571 0.580952 0.004286 0.022857
0 0.818214 0.577143 0.005000 0.019048
0 0.840000 0.577143 0.004286 0.017143
0 0.903214 0.745238 0.009286 0.021905
0 0.916071 0.737143 0.007857 0.019048
