0 0.458929 0.871827 0.009286 0.030457
0 0.442500 0.864848 0.009286 0.029188
0 0.448929 0.753173 0.007857 0.031726
0 0.181071 0.366751 0.009286 0.027919
0 0.183571 0.470178 0.012857 0.024112
0 0.161429 0.497462 0.012857 0.022843
0 0.332143 0.241751 0.008571 0.026650
0 0.343571 0.308376 0.007143 0.025381
0 0.350357 0.305203 0.005000 0.024112
0 0.486786 0.564721 0.005000 0.020305
0 0.666071 0.831218 0.012143 0.027919
0 0.686786 0.829315 0.007857 0.024112
0 0.677857 0.813452 0.007143 0.022843
0 0.665714 0.812183 0.008571 0.025381
0 0.663214 0.740482 0.007857 0.024112
0 0.662143 0.690355 0.004286 0.020305
0 0.630714 0.638959 0.008571 0.019036
0 0.629286 0.607234 0.005714 0.026650
0 0.603571 0.569162 0.005714 0.026650
0 0.596071 0.570431 0.006429 0.021574
0 0.581429 0.541244 0.007143 0.026650
0 0.558214 0.512056 0.007857 0.024112
0 0.458929 0.058376 0.007857 0.022843
0 0.502143 0.241117 0.007143 0.017766
0 0.513929 0.273477 0.006429 0.026650
0 0.522143 0.225254 0.005714 0.024112
0 0.531786 0.223350 0.005000 0.022843
0 0.529643 0.299492 0.005000 0.022843
0 0.535357 0.295685 0.003571 0.017766
0 0.539286 0.340102 0.005714 0.022843
0 0.533929 0.341371 0.005000 0.022843
0 0.531786 0.379442 0.005000 0.017766
0 0.589286 0.473350 0.008571 0.025381
0 0.907857 0.357868 0.010000 0.035533
0 0.936786 0.386421 0.010714 0.024112
0 0.932143 0.390228 0.011429 0.026650
