0 0.459250 0.732333 0.022500 0.046000
0 0.465500 0.633667 0.018000 0.044667
0 0.457250 0.595667 0.017500 0.044667
0 0.456750 0.470000 0.014500 0.046667
0 0.427500 0.439000 0.015000 0.047333
0 0.407250 0.428000 0.014500 0.046667
0 0.353500 0.424333 0.021000 0.051333
0 0.164000 0.657667 0.029000 0.048667
0 0.492750 0.226333 0.010500 0.038000
0 0.421500 0.049000 0.012000 0.034000
0 0.368250 0.019667 0.010500 0.032667
0 0.393250 0.144333 0.011500 0.034000
0 0.393500 0.147667 0.010000 0.023333
0 0.414000 0.012333 0.010000 0.024667
