0 0.964500 0.607000 0.019000 0.058000
0 0.293250 0.297000 0.009500 0.030000
0 0.294000 0.289667 0.009000 0.030000
0 0.319250 0.204000 0.006500 0.026667
0 0.580500 0.157000 0.005000 0.019333
0 0.486250 0.126333 0.003500 0.018000
0 0.491250 0.133667 0.005500 0.012667
0 0.649500 0.112333 0.005000 0.012667
0 0.648750 0.112000 0.005500 0.013333
0 0.476750 0.101667 0.002500 0.015333
0 0.475750 0.085000 0.003500 0.014000
0 0.467000 0.096333 0.003000 0.014000
0 0.461000 0.096667 0.003000 0.013333
0 0.462750 0.097000 0.002500 0.014000
0 0.466250 0.083667 0.002500 0.015333
0 0.462000 0.087333 0.003000 0.013333
0 0.462000 0.086333 0.003000 0.012667
0 0.456250 0.083333 0.002500 0.012000
0 0.452000 0.085667 0.002000 0.011333
0 0.455750 0.085333 0.002500 0.012000
0 0.484750 0.095000 0.002500 0.011333
0 0.485500 0.093667 0.004000 0.011333
0 0.498500 0.058000 0.003000 0.009333
0 0.537750 0.002000 0.001500 0.004000
0 0.535750 0.002000 0.001500 0.004000
0 0.591750 0.002333 0.001500 0.004667
0 0.599000 0.049000 0.003000 0.007333
0 0.604000 0.051333 0.003000 0.008000
0 0.604000 0.020000 0.002000 0.006667
0 0.605750 0.015000 0.001500 0.007333
