0 0.533571 0.670476 0.024286 0.057143
0 0.810000 0.490476 0.022857 0.055238
0 0.772500 0.535714 0.020714 0.052381
0 0.918571 0.499524 0.010000 0.025714
0 0.920357 0.477619 0.016429 0.056190
0 0.887500 0.447143 0.016429 0.048571
0 0.865000 0.207143 0.011429 0.039048
0 0.472500 0.442857 0.016429 0.043810
0 0.527143 0.464286 0.017143 0.039048
0 0.550714 0.458095 0.015714 0.034286
0 0.320357 0.193810 0.010714 0.021905
0 0.555000 0.186190 0.012857 0.035238
0 0.519643 0.137619 0.010714 0.025714
0 0.483571 0.094762 0.008571 0.025714
0 0.494286 0.198571 0.008571 0.033333
0 0.367143 0.204286 0.012857 0.033333
0 0.306071 0.207143 0.010714 0.031429
0 0.306071 0.204286 0.010714 0.031429
0 0.369286 0.193333 0.010000 0.028571
0 0.356071 0.152857 0.007857 0.027619
0 0.352143 0.162381 0.011429 0.029524
0 0.386786 0.126190 0.007857 0.020000
0 0.406071 0.117619 0.009286 0.027619
0 0.425000 0.091905 0.007143 0.023810
0 0.401429 0.093810 0.008571 0.023810
0 0.396429 0.094286 0.008571 0.022857
0 0.382500 0.124762 0.009286 0.024762
0 0.368929 0.057619 0.006429 0.021905
0 0.366071 0.056190 0.006429 0.022857
0 0.496786 0.131905 0.009286 0.029524
0 0.521786 0.120952 0.009286 0.013333
0 0.415000 0.216667 0.011429 0.033333
0 0.438929 0.214762 0.009286 0.039048
0 0.418929 0.186190 0.010714 0.027619
0 0.397857 0.198571 0.007143 0.033333
0 0.407500 0.025238 0.006429 0.018095
0 0.388929 0.032381 0.006429 0.022857
0 0.373929 0.036190 0.006429 0.020952
0 0.367500 0.034286 0.006429 0.020952
0 0.358214 0.030476 0.006429 0.019048
0 0.376786 0.033333 0.006429 0.020952
0 0.363929 0.014762 0.005000 0.018095
0 0.357857 0.014762 0.004286 0.018095
0 0.302500 0.030476 0.006429 0.013333
0 0.346071 0.014762 0.005000 0.010476
0 0.058929 0.113333 0.012143 0.024762
0 0.035714 0.150952 0.015714 0.031429
0 0.028214 0.176190 0.015000 0.026667
0 0.018214 0.168571 0.012143 0.026667
0 0.005000 0.171429 0.010000 0.030476
0 0.093929 0.206667 0.012143 0.024762
0 0.010714 0.227619 0.014286 0.026667
