0 0.126786 0.279822 0.005000 0.008883
0 0.102857 0.329949 0.004286 0.010152
0 0.167500 0.341371 0.003571 0.007614
0 0.172857 0.343274 0.002857 0.006345
0 0.190357 0.348985 0.003571 0.010152
0 0.193571 0.352157 0.002857 0.008883
0 0.153571 0.338832 0.002857 0.010152
0 0.156786 0.337563 0.002143 0.007614
0 0.277500 0.305203 0.003571 0.011421
0 0.281071 0.307107 0.002143 0.012690
0 0.660000 0.050127 0.004286 0.008883
0 0.758214 0.022843 0.002143 0.010152
0 0.751786 0.075508 0.003571 0.006345
0 0.753214 0.036168 0.002143 0.008883
0 0.732500 0.045685 0.002143 0.007614
0 0.815714 0.933376 0.002857 0.006345
0 0.827143 0.918782 0.004286 0.007614
0 0.500357 0.667513 0.005000 0.007614
