0 0.130714 0.406190 0.011429 0.029524
0 0.098214 0.468095 0.012143 0.033333
0 0.095357 0.441905 0.010714 0.030476
0 0.047500 0.464762 0.015000 0.034286
0 0.025357 0.411429 0.012143 0.030476
0 0.103214 0.538571 0.023571 0.039048
0 0.035357 0.529048 0.019286 0.039048
0 0.096786 0.607143 0.015000 0.039048
0 0.400714 0.512381 0.011429 0.038095
0 0.102500 0.601429 0.012143 0.031429
0 0.093929 0.386667 0.012143 0.030476
0 0.049286 0.400952 0.015714 0.030476
0 0.207143 0.308571 0.011429 0.022857
0 0.007143 0.396190 0.010000 0.028571
0 0.529643 0.511429 0.015000 0.034286
0 0.749286 0.277143 0.007143 0.024762
0 0.780000 0.246667 0.007143 0.022857
0 0.766071 0.215238 0.006429 0.022857
0 0.689286 0.567619 0.011429 0.040000
0 0.730357 0.562857 0.012143 0.040000
0 0.810357 0.617143 0.015000 0.038095
0 0.839286 0.610952 0.015714 0.042857
0 0.855000 0.640476 0.011429 0.033333
0 0.885714 0.607143 0.018571 0.044762
0 0.846071 0.586667 0.016429 0.040000
0 0.876071 0.629048 0.016429 0.044762
0 0.841429 0.638571 0.015714 0.025714
0 0.660714 0.370000 0.008571 0.020000
0 0.583929 0.181429 0.005000 0.008571
0 0.493214 0.176667 0.005000 0.008571
