0 0.128929 0.383333 0.009286 0.025714
0 0.289643 0.475714 0.007857 0.029524
0 0.275000 0.473333 0.011429 0.036190
0 0.126071 0.548571 0.017857 0.026667
0 0.155714 0.673810 0.024286 0.031429
0 0.112143 0.456667 0.011429 0.040952
0 0.588929 0.150000 0.003571 0.014286
0 0.577143 0.147619 0.004286 0.013333
0 0.740000 0.930000 0.018571 0.073333
0 0.763929 0.016190 0.003571 0.005714
0 0.833571 0.116667 0.004286 0.014286
0 0.828214 0.115238 0.003571 0.013333
0 0.753571 0.022381 0.004286 0.006667
0 0.724286 0.050000 0.005714 0.006667
0 0.622857 0.732381 0.010000 0.017143
0 0.599643 0.734762 0.010714 0.016190
0 0.773929 0.389524 0.005000 0.013333
0 0.760714 0.388095 0.004286 0.010476
0 0.617500 0.151905 0.003571 0.006667
