0 0.356071 0.369924 0.006429 0.024112
0 0.372857 0.250635 0.005714 0.024112
0 0.341786 0.184010 0.006429 0.027919
0 0.384643 0.083756 0.003571 0.017766
0 0.448571 0.091371 0.004286 0.020305
0 0.448571 0.015228 0.004286 0.017766
0 0.311071 0.048223 0.005000 0.017766
0 0.392857 0.043147 0.004286 0.017766
0 0.937857 0.621193 0.014286 0.034264
0 0.944643 0.616117 0.012143 0.026650
0 0.935357 0.594543 0.009286 0.019036
0 0.937500 0.589467 0.007857 0.019036
0 0.849286 0.327411 0.008571 0.027919
0 0.836071 0.324873 0.007857 0.022843
0 0.835357 0.311548 0.005000 0.021574
0 0.882500 0.276015 0.005000 0.019036
0 0.831786 0.230330 0.005000 0.024112
0 0.827857 0.231599 0.004286 0.024112
0 0.865000 0.233503 0.008571 0.020305
0 0.881429 0.256345 0.005714 0.022843
0 0.891429 0.271574 0.008571 0.022843
0 0.897857 0.283629 0.005714 0.024112
