0 0.140714 0.109524 0.007143 0.015238
0 0.131071 0.046667 0.003571 0.007619
0 0.076429 0.038095 0.007143 0.015238
0 0.087857 0.012857 0.002857 0.008571
0 0.066429 0.476667 0.024286 0.058095
0 0.076429 0.416667 0.021429 0.048571
0 0.034286 0.181905 0.012857 0.030476
0 0.541429 0.252857 0.010000 0.027619
0 0.555714 0.258571 0.008571 0.031429
0 0.654286 0.327143 0.014286 0.035238
0 0.888214 0.453333 0.016429 0.045714
0 0.975000 0.486190 0.022857 0.050476
0 0.991429 0.495714 0.014286 0.050476
0 0.654286 0.309524 0.014286 0.032381
0 0.770000 0.391429 0.015714 0.040000
