0 0.098500 0.473000 0.022000 0.042000
0 0.109000 0.445667 0.035000 0.058000
0 0.252750 0.078000 0.010500 0.041333
0 0.264250 0.127000 0.012500 0.042000
0 0.311000 0.146000 0.011000 0.038667
0 0.300000 0.150667 0.012000 0.036000
0 0.510500 0.085000 0.009000 0.027333
0 0.389000 0.292667 0.017000 0.044000
0 0.349250 0.534667 0.023500 0.044000
0 0.411000 0.584000 0.018000 0.048000
0 0.438500 0.575000 0.019000 0.047333
0 0.441500 0.616667 0.016000 0.049333
0 0.514500 0.142333 0.008000 0.036667
0 0.520500 0.153000 0.008000 0.024667
0 0.682250 0.036333 0.007500 0.030000
0 0.685000 0.045333 0.004000 0.017333
0 0.411500 0.307667 0.018000 0.051333
