0 0.382143 0.548858 0.005714 0.011421
0 0.391786 0.559645 0.005000 0.010152
0 0.357500 0.758883 0.009286 0.012690
0 0.365357 0.741117 0.007857 0.012690
0 0.376071 0.714467 0.005000 0.012690
0 0.370000 0.687817 0.005714 0.010152
0 0.369643 0.644670 0.005000 0.010152
0 0.352500 0.748731 0.006429 0.012690
0 0.355000 0.726523 0.005714 0.011421
0 0.346786 0.727157 0.006429 0.012690
0 0.357143 0.704949 0.007143 0.013959
0 0.351786 0.671320 0.007857 0.015228
0 0.320000 0.557741 0.005714 0.011421
0 0.542857 0.587563 0.005714 0.012690
0 0.471071 0.388325 0.006429 0.012690
0 0.452857 0.319162 0.004286 0.016497
0 0.462500 0.260152 0.005000 0.012690
0 0.456429 0.252538 0.004286 0.010152
0 0.469643 0.135152 0.005000 0.011421
0 0.460357 0.090736 0.006429 0.016497
0 0.466071 0.090736 0.005000 0.016497
0 0.457143 0.038706 0.005714 0.016497
