0 0.902500 0.564286 0.016429 0.039048
0 0.901786 0.600952 0.023571 0.049524
0 0.982500 0.650952 0.032143 0.040952
0 0.570000 0.235238 0.010000 0.041905
0 0.453214 0.173333 0.010714 0.034286
0 0.499286 0.027619 0.005714 0.017143
0 0.621071 0.076190 0.006429 0.020952
0 0.649643 0.087143 0.006429 0.025714
0 0.610357 0.072857 0.005000 0.023810
0 0.596071 0.064286 0.005000 0.020000
0 0.599286 0.069524 0.004286 0.022857
0 0.588214 0.066667 0.006429 0.020952
0 0.586071 0.062381 0.005000 0.020000
0 0.603929 0.060952 0.005000 0.020952
0 0.539286 0.047143 0.005714 0.020000
0 0.479643 0.030000 0.006429 0.014286
