0 0.927143 0.156190 0.008571 0.013333
0 0.858214 0.180000 0.007857 0.013333
0 0.852143 0.240476 0.010000 0.020000
0 0.833214 0.274286 0.009286 0.013333
0 0.844643 0.280476 0.006429 0.014286
0 0.873929 0.338571 0.009286 0.016190
0 0.857500 0.362381 0.009286 0.012381
0 0.869286 0.422381 0.010000 0.010476
0 0.859286 0.428095 0.007143 0.012381
0 0.925357 0.723333 0.009286 0.018095
0 0.587143 0.117619 0.007143 0.016190
0 0.564643 0.301905 0.005000 0.013333
0 0.613929 0.069524 0.006429 0.019048
0 0.635000 0.074762 0.005714 0.021905
0 0.603929 0.147619 0.006429 0.020952
0 0.594643 0.183810 0.006429 0.019048
0 0.526071 0.374286 0.005000 0.013333
0 0.592143 0.452857 0.007143 0.016190
0 0.518571 0.518095 0.005714 0.013333
0 0.511786 0.521905 0.006429 0.017143
0 0.516786 0.533810 0.005000 0.010476
0 0.553571 0.676667 0.008571 0.014286
0 0.475714 0.638571 0.005714 0.012381
0 0.576786 0.794762 0.009286 0.016190
0 0.529643 0.650476 0.009286 0.011429
0 0.592143 0.981905 0.014286 0.019048
0 0.392143 0.823333 0.010000 0.014286
0 0.183929 0.547143 0.012143 0.012381
0 0.157500 0.577619 0.010714 0.012381
0 0.110000 0.483333 0.010000 0.012381
