0 0.630357 0.683333 0.023571 0.054286
0 0.525714 0.285714 0.012857 0.020952
0 0.453929 0.228095 0.012143 0.027619
0 0.471071 0.155714 0.007857 0.018095
0 0.502500 0.083333 0.006429 0.012381
0 0.451786 0.077619 0.006429 0.020000
0 0.495357 0.019524 0.005000 0.016190
0 0.500714 0.020000 0.005714 0.015238
0 0.367857 0.096190 0.007143 0.022857
0 0.359286 0.096190 0.005714 0.019048
0 0.363929 0.098095 0.006429 0.020952
0 0.415357 0.140952 0.005000 0.019048
0 0.723571 0.222857 0.008571 0.028571
0 0.646786 0.192857 0.007857 0.023810
0 0.638214 0.074762 0.006429 0.021905
0 0.812143 0.245714 0.012857 0.034286
0 0.322500 0.375714 0.012143 0.035238
