0 0.256786 0.007619 0.013571 0.015238
0 0.273571 0.008571 0.011429 0.017143
0 0.283571 0.071429 0.012857 0.030476
0 0.300000 0.063810 0.014286 0.034286
0 0.155357 0.774286 0.022143 0.017143
0 0.131786 0.583333 0.022143 0.014286
0 0.283214 0.712381 0.015000 0.017143
0 0.283571 0.674762 0.015714 0.014286
0 0.299286 0.680000 0.014286 0.011429
0 0.314286 0.690952 0.007143 0.012381
0 0.311429 0.714286 0.015714 0.015238
0 0.281071 0.586667 0.015000 0.015238
0 0.288571 0.612857 0.018571 0.014286
0 0.320000 0.619048 0.012857 0.015238
0 0.323571 0.609524 0.008571 0.013333
