0 0.048214 0.040952 0.003571 0.005714
0 0.143571 0.067143 0.002857 0.002857
0 0.156429 0.067619 0.001429 0.005714
0 0.182143 0.142381 0.002857 0.006667
0 0.258929 0.178571 0.003571 0.008571
0 0.256786 0.199524 0.003571 0.010476
0 0.023571 0.383810 0.005714 0.011429
0 0.391071 0.245714 0.003571 0.007619
0 0.371429 0.249524 0.004286 0.005714
0 0.399286 0.235714 0.002857 0.010476
0 0.402857 0.269524 0.002857 0.005714
0 0.404643 0.255238 0.003571 0.007619
0 0.261786 0.383810 0.005000 0.015238
0 0.428214 0.345238 0.005000 0.006667
0 0.892500 0.213333 0.003571 0.009524
0 0.898214 0.204762 0.003571 0.009524
0 0.937857 0.182857 0.002857 0.009524
0 0.951071 0.128571 0.002143 0.009524
0 0.954643 0.119524 0.003571 0.006667
0 0.902143 0.232857 0.005714 0.008571
0 0.862143 0.317143 0.002857 0.009524
0 0.855000 0.316190 0.005714 0.007619
0 0.831071 0.275238 0.003571 0.009524
0 0.751071 0.393810 0.003571 0.008571
0 0.101071 0.504286 0.006429 0.008571
0 0.982857 0.487143 0.004286 0.008571
0 0.950000 0.610952 0.005714 0.010476
0 0.918571 0.569048 0.002857 0.008571
0 0.911429 0.635238 0.005714 0.005714
0 0.866429 0.671429 0.005714 0.007619
0 0.751429 0.532381 0.002857 0.011429
0 0.753929 0.520000 0.002143 0.011429
0 0.792500 0.556190 0.003571 0.005714
0 0.630000 0.663333 0.002857 0.006667
0 0.624643 0.560000 0.003571 0.009524
0 0.734286 0.461429 0.004286 0.008571
0 0.727143 0.442857 0.004286 0.007619
0 0.734286 0.385238 0.004286 0.008571
0 0.717500 0.410000 0.002143 0.008571
0 0.706429 0.478095 0.004286 0.007619
0 0.715714 0.432857 0.004286 0.008571
0 0.716071 0.490000 0.003571 0.008571
0 0.714643 0.447619 0.003571 0.007619
0 0.637857 0.479048 0.004286 0.009524
0 0.567857 0.675714 0.004286 0.008571
0 0.549643 0.636190 0.005000 0.007619
0 0.652500 0.461429 0.005000 0.008571
0 0.586786 0.397619 0.003571 0.006667
0 0.715000 0.442381 0.002857 0.006667
0 0.706071 0.494762 0.003571 0.008571
0 0.709286 0.488095 0.002857 0.006667
0 0.798214 0.336190 0.002143 0.009524
0 0.688929 0.487143 0.003571 0.008571
0 0.692500 0.490952 0.003571 0.010476
0 0.696429 0.492857 0.004286 0.008571
0 0.518571 0.686190 0.004286 0.008571
0 0.546071 0.624286 0.003571 0.006667
0 0.638214 0.566667 0.003571 0.007619
0 0.628929 0.564762 0.003571 0.007619
0 0.839643 0.766190 0.003571 0.008571
0 0.823571 0.866190 0.005714 0.010476
0 0.710000 0.825238 0.005714 0.006667
0 0.631786 0.896667 0.006429 0.008571
0 0.506786 0.745714 0.003571 0.009524
0 0.518571 0.770952 0.002857 0.006667
0 0.501429 0.748571 0.002857 0.007619
0 0.380000 0.550952 0.005714 0.010476
0 0.456429 0.617619 0.004286 0.008571
0 0.075357 0.980952 0.007857 0.009524
0 0.177143 0.918571 0.005714 0.004762
