0 0.751429 0.825238 0.015714 0.048571
0 0.766071 0.828095 0.012143 0.056190
0 0.648214 0.621905 0.007857 0.022857
0 0.722143 0.604286 0.007143 0.020000
0 0.693929 0.598571 0.003571 0.020000
0 0.693571 0.590476 0.004286 0.017143
0 0.688214 0.588095 0.006429 0.016190
0 0.682143 0.600000 0.005714 0.017143
0 0.701071 0.584762 0.003571 0.015238
0 0.706429 0.589524 0.002857 0.017143
0 0.705000 0.584286 0.002857 0.018095
0 0.719643 0.556667 0.002143 0.012381
0 0.739643 0.558095 0.003571 0.011429
0 0.592500 0.570000 0.002143 0.012381
0 0.594286 0.568571 0.002857 0.013333
0 0.600714 0.570000 0.002857 0.014286
0 0.604643 0.568571 0.003571 0.015238
0 0.611429 0.568571 0.004286 0.015238
