0 0.024286 0.076190 0.032857 0.074286
0 0.030000 0.092857 0.037143 0.060000
0 0.096429 0.110476 0.038571 0.049524
0 0.060357 0.160952 0.032143 0.057143
0 0.586071 0.432857 0.026429 0.060000
0 0.343571 0.164762 0.025714 0.053333
0 0.652857 0.028095 0.018571 0.056190
0 0.682500 0.142381 0.017857 0.061905
0 0.670714 0.134762 0.020000 0.065714
0 0.782143 0.317143 0.025714 0.074286
0 0.796429 0.342381 0.030000 0.077143
0 0.702500 0.398571 0.033571 0.077143
0 0.683571 0.389524 0.022857 0.055238
0 0.697500 0.194286 0.019286 0.060952
