0 0.708571 0.968095 0.008571 0.018095
0 0.715714 0.962381 0.008571 0.016190
0 0.723571 0.966190 0.008571 0.018095
0 0.272857 0.436190 0.007143 0.015238
0 0.345714 0.432381 0.008571 0.019048
0 0.539643 0.343333 0.005000 0.018095
0 0.589286 0.251905 0.005714 0.016190
0 0.586071 0.210476 0.002143 0.015238
0 0.588571 0.213810 0.004286 0.008571
0 0.524643 0.112381 0.003571 0.013333
0 0.528571 0.113333 0.004286 0.013333
0 0.542500 0.124286 0.003571 0.014286
0 0.559643 0.155714 0.003571 0.012381
0 0.492143 0.615238 0.007143 0.017143
0 0.476071 0.549048 0.006429 0.016190
0 0.175714 0.460476 0.008571 0.012381
0 0.257500 0.466190 0.007857 0.014286
0 0.271786 0.459524 0.006429 0.012381
0 0.494286 0.467143 0.005714 0.012381
0 0.503571 0.461429 0.004286 0.012381
0 0.509286 0.464286 0.007143 0.016190
0 0.538214 0.462381 0.006429 0.010476
0 0.556786 0.445714 0.005000 0.011429
0 0.560000 0.351429 0.004286 0.009524
0 0.596429 0.366190 0.004286 0.010476
0 0.541786 0.440476 0.005000 0.016190
0 0.540000 0.195238 0.004286 0.009524
0 0.533214 0.146667 0.003571 0.007619
0 0.459286 0.475238 0.007143 0.013333
