0 0.398571 0.691905 0.007143 0.014286
0 0.413929 0.660000 0.007857 0.013333
0 0.237500 0.674762 0.007857 0.014286
0 0.665000 0.387143 0.005714 0.014286
0 0.674643 0.368095 0.005000 0.012381
0 0.623214 0.372857 0.003571 0.012381
0 0.623571 0.354286 0.004286 0.013333
0 0.657143 0.362857 0.004286 0.013333
0 0.670357 0.357619 0.003571 0.014286
0 0.695000 0.363810 0.004286 0.015238
0 0.686071 0.364286 0.003571 0.014286
0 0.702500 0.413333 0.006429 0.013333
0 0.689286 0.362857 0.004286 0.009524
0 0.640000 0.350476 0.004286 0.011429
0 0.649286 0.359048 0.005714 0.013333
0 0.628929 0.640952 0.009286 0.022857
0 0.718214 0.537619 0.007857 0.014286
0 0.679286 0.514762 0.005714 0.023810
0 0.735357 0.505714 0.005000 0.019048
0 0.778214 0.494762 0.006429 0.008571
