0 0.253929 0.721429 0.020714 0.065714
0 0.258214 0.546190 0.017857 0.039048
0 0.272143 0.540000 0.017143 0.038095
0 0.469643 0.344286 0.006429 0.027619
0 0.464643 0.344286 0.007857 0.023810
0 0.443214 0.345714 0.009286 0.022857
0 0.473214 0.289048 0.006429 0.020000
0 0.456071 0.268571 0.005000 0.019048
0 0.479286 0.256190 0.004286 0.015238
0 0.448929 0.268095 0.005000 0.018095
0 0.422143 0.284762 0.005714 0.020952
0 0.467143 0.240000 0.004286 0.013333
0 0.472143 0.244762 0.004286 0.011429
0 0.484643 0.248571 0.003571 0.015238
0 0.588929 0.472381 0.009286 0.036190
0 0.607500 0.470476 0.013571 0.040000
0 0.439643 0.206667 0.006429 0.013333
0 0.446429 0.195238 0.005714 0.009524
0 0.453214 0.195238 0.005000 0.011429
0 0.422500 0.195238 0.003571 0.011429
0 0.428214 0.194286 0.003571 0.009524
0 0.441429 0.189524 0.002857 0.009524
0 0.445000 0.190476 0.002857 0.007619
0 0.443214 0.183810 0.003571 0.009524
0 0.447500 0.184762 0.003571 0.011429
0 0.425357 0.194286 0.003571 0.011429
0 0.471071 0.204762 0.002143 0.007619
0 0.474286 0.205714 0.002857 0.007619
0 0.417857 0.191905 0.002857 0.010476
0 0.418929 0.220952 0.005000 0.009524
0 0.480714 0.178571 0.002857 0.008571
0 0.476786 0.178095 0.003571 0.009524
0 0.401786 0.216667 0.005000 0.016190
0 0.576071 0.176667 0.002143 0.010476
0 0.575357 0.184286 0.003571 0.008571
0 0.554643 0.193810 0.003571 0.008571
0 0.547857 0.189048 0.002857 0.012381
