0 0.160714 0.641497 0.005714 0.024112
0 0.160357 0.682741 0.006429 0.020305
0 0.160714 0.677665 0.008571 0.022843
0 0.277143 0.807107 0.012857 0.030457
0 0.239286 0.989848 0.007143 0.017766
0 0.245714 0.991751 0.008571 0.013959
0 0.396071 0.522208 0.005000 0.019036
0 0.385000 0.519036 0.004286 0.017766
0 0.387143 0.517766 0.002857 0.017766
0 0.390000 0.520939 0.004286 0.019036
0 0.395714 0.490482 0.004286 0.021574
0 0.400000 0.494924 0.004286 0.020305
0 0.237500 0.526650 0.005000 0.020305
0 0.555000 0.211929 0.002857 0.010152
0 0.641429 0.394670 0.002857 0.015228
0 0.138929 0.611675 0.005000 0.025381
