0 0.745357 0.098571 0.007857 0.016190
0 0.736786 0.129524 0.006429 0.013333
0 0.748214 0.156667 0.005000 0.014286
0 0.758214 0.169048 0.007857 0.014286
0 0.768929 0.184762 0.006429 0.013333
0 0.775357 0.203333 0.005000 0.012381
0 0.773929 0.277619 0.006429 0.016190
0 0.805714 0.295714 0.007143 0.012381
0 0.802500 0.382381 0.007857 0.012381
0 0.807857 0.380000 0.005714 0.009524
0 0.816429 0.375714 0.008571 0.014286
0 0.862143 0.391905 0.008571 0.010476
0 0.872143 0.395238 0.011429 0.015238
0 0.879643 0.383333 0.006429 0.010476
0 0.803571 0.329048 0.005714 0.012381
0 0.806071 0.360000 0.007857 0.017143
0 0.806429 0.311905 0.005714 0.010476
0 0.803571 0.306190 0.005714 0.014286
0 0.745714 0.074762 0.004286 0.012381
0 0.741429 0.071905 0.004286 0.012381
0 0.738571 0.061429 0.005714 0.012381
