0 0.966429 0.229524 0.024286 0.040000
0 0.825357 0.811905 0.077857 0.187619
0 0.348571 0.427143 0.017143 0.046667
0 0.561786 0.612381 0.022143 0.055238
0 0.496071 0.537619 0.022143 0.065714
0 0.473571 0.547143 0.021429 0.052381
0 0.569643 0.415714 0.022143 0.048571
0 0.553214 0.320952 0.012143 0.049524
0 0.529643 0.334762 0.015000 0.039048
0 0.514643 0.336190 0.017857 0.045714
0 0.555000 0.165238 0.014286 0.037143
0 0.540000 0.162857 0.012857 0.038095
0 0.566071 0.105714 0.010714 0.040000
0 0.575714 0.027143 0.007143 0.027619
0 0.567857 0.024762 0.008571 0.030476
