0 0.205000 0.285714 0.008571 0.022857
0 0.174643 0.276190 0.006429 0.020952
0 0.183214 0.291429 0.006429 0.020952
0 0.164643 0.285714 0.006429 0.019048
0 0.194643 0.273333 0.005000 0.020952
0 0.316429 0.288571 0.005714 0.019048
0 0.460000 0.330952 0.005714 0.020000
0 0.450000 0.350476 0.007143 0.022857
0 0.578214 0.057143 0.003571 0.013333
0 0.596786 0.010952 0.003571 0.012381
0 0.613214 0.146190 0.003571 0.020000
0 0.605357 0.156190 0.005000 0.017143
0 0.598214 0.153810 0.005000 0.016190
0 0.540357 0.117143 0.003571 0.013333
0 0.533929 0.111429 0.003571 0.011429
0 0.517500 0.213333 0.002143 0.009524
0 0.513214 0.226190 0.002143 0.010476
0 0.570000 0.488571 0.007143 0.022857
0 0.634286 0.424286 0.004286 0.021905
0 0.651429 0.422381 0.004286 0.010476
0 0.680000 0.004762 0.002857 0.009524
0 0.686429 0.004286 0.002857 0.006667
0 0.669643 0.035238 0.003571 0.013333
0 0.675000 0.025714 0.002857 0.011429
0 0.658571 0.028571 0.002857 0.009524
0 0.666786 0.033333 0.002143 0.009524
0 0.635714 0.036667 0.002857 0.010476
0 0.653571 0.061905 0.002857 0.015238
0 0.651429 0.082857 0.002857 0.015238
0 0.646786 0.080952 0.003571 0.013333
0 0.732500 0.134762 0.006429 0.018095
0 0.868214 0.139524 0.006429 0.023810
0 0.865000 0.168571 0.002857 0.019048
0 0.881429 0.140952 0.004286 0.017143
0 0.877857 0.176667 0.004286 0.016190
0 0.884643 0.180476 0.003571 0.016190
0 0.862857 0.195714 0.005714 0.018095
0 0.869643 0.198571 0.005000 0.020000
0 0.886071 0.343810 0.006429 0.022857
0 0.872500 0.514762 0.005000 0.018095
0 0.971786 0.031429 0.003571 0.013333
0 0.978214 0.035714 0.003571 0.014286
0 0.988571 0.035238 0.002857 0.013333
0 0.936429 0.010000 0.004286 0.012381
0 0.932857 0.008095 0.002857 0.010476
0 0.976071 0.551905 0.005000 0.016190
0 0.981786 0.554286 0.003571 0.013333
0 0.986429 0.554762 0.002857 0.012381
