0 0.099286 0.754762 0.017143 0.012381
0 0.367143 0.698095 0.012857 0.015238
0 0.450000 0.879524 0.010000 0.020000
0 0.344643 0.169048 0.009286 0.016190
0 0.364643 0.235238 0.009286 0.015238
0 0.355000 0.229048 0.008571 0.014286
0 0.383929 0.398571 0.006429 0.010476
0 0.387500 0.471905 0.007857 0.008571
0 0.242500 0.520476 0.012143 0.010476
0 0.186786 0.533810 0.013571 0.008571
0 0.094286 0.554762 0.020000 0.010476
0 0.076071 0.570476 0.020714 0.007619
0 0.072143 0.662857 0.018571 0.009524
0 0.089286 0.655238 0.017143 0.011429
0 0.457143 0.016190 0.008571 0.024762
