0 0.337857 0.153333 0.008571 0.026667
0 0.376429 0.316190 0.010000 0.034286
0 0.364643 0.416667 0.015000 0.046667
0 0.336429 0.360476 0.014286 0.039048
0 0.319643 0.340952 0.012143 0.036190
0 0.313571 0.353810 0.017143 0.039048
0 0.311071 0.350476 0.016429 0.036190
0 0.396786 0.500000 0.015000 0.041905
0 0.406071 0.484762 0.015000 0.043810
0 0.424286 0.519048 0.017143 0.045714
0 0.407500 0.262857 0.006429 0.028571
0 0.453214 0.282857 0.012143 0.030476
0 0.718571 0.339048 0.010000 0.038095
0 0.496786 0.133333 0.006429 0.017143
0 0.492500 0.133810 0.005000 0.016190
0 0.487143 0.130952 0.005714 0.016190
0 0.490357 0.130952 0.005000 0.018095
0 0.441429 0.113810 0.005714 0.014286
0 0.437500 0.112857 0.005000 0.014286
0 0.424286 0.187143 0.007143 0.020000
0 0.392857 0.147143 0.005714 0.018095
0 0.335000 0.180476 0.005714 0.021905
0 0.970357 0.669524 0.029286 0.045714
0 0.743214 0.320000 0.010714 0.028571
0 0.749643 0.317143 0.007857 0.026667
0 0.762500 0.343810 0.013571 0.038095
0 0.606786 0.187619 0.009286 0.022857
0 0.600000 0.188571 0.005714 0.022857
