0 0.170714 0.249524 0.005714 0.007619
0 0.191786 0.327619 0.006429 0.007619
0 0.650357 0.104762 0.003571 0.007619
0 0.713214 0.263333 0.003571 0.008571
0 0.709286 0.264762 0.004286 0.009524
0 0.705357 0.282381 0.005000 0.008571
0 0.705357 0.277619 0.003571 0.006667
0 0.837857 0.320000 0.005714 0.007619
0 0.912857 0.756667 0.007143 0.006667
0 0.495714 0.473333 0.004286 0.005714
0 0.538571 0.512381 0.002857 0.003810
0 0.744286 0.659048 0.004286 0.005714
0 0.886786 0.730000 0.010714 0.008571
0 0.218929 0.659048 0.007857 0.007619
0 0.009643 0.140000 0.009286 0.009524
