0 0.148214 0.434645 0.003571 0.011421
0 0.161429 0.420685 0.002857 0.013959
0 0.204643 0.412437 0.003571 0.012690
0 0.363929 0.363579 0.003571 0.011421
0 0.399286 0.359137 0.002857 0.012690
0 0.070000 0.463832 0.004286 0.008883
0 0.577857 0.310279 0.002857 0.008883
0 0.617500 0.261421 0.003571 0.012690
0 0.488571 0.333756 0.002857 0.010152
0 0.523214 0.322970 0.003571 0.013959
0 0.452500 0.351523 0.002143 0.007614
0 0.815000 0.868655 0.005714 0.013959
0 0.782857 0.809010 0.004286 0.013959
0 0.778929 0.800127 0.003571 0.016497
0 0.774643 0.797589 0.003571 0.016497
0 0.782857 0.796954 0.004286 0.015228
0 0.901071 0.966371 0.005000 0.011421
