0 0.352500 0.524286 0.005000 0.021905
0 0.313929 0.818571 0.005000 0.025714
0 0.496429 0.484286 0.007143 0.027619
0 0.488214 0.406667 0.006429 0.019048
0 0.510357 0.367619 0.005000 0.019048
0 0.420000 0.382381 0.005714 0.020000
0 0.401429 0.297619 0.004286 0.014286
0 0.410000 0.299524 0.004286 0.016190
0 0.576786 0.012381 0.002143 0.007619
0 0.583929 0.026190 0.002143 0.010476
0 0.578571 0.105238 0.002857 0.010476
0 0.583929 0.073810 0.002143 0.008571
0 0.589286 0.071429 0.002857 0.009524
0 0.595357 0.204286 0.003571 0.012381
0 0.455357 0.008095 0.002143 0.006667
0 0.462500 0.035238 0.002143 0.007619
0 0.443929 0.067143 0.003571 0.012381
0 0.440714 0.066190 0.001429 0.010476
0 0.436429 0.064286 0.002857 0.008571
0 0.434286 0.111429 0.002857 0.013333
0 0.445357 0.085714 0.002143 0.007619
0 0.448929 0.083333 0.002143 0.006667
0 0.431429 0.085714 0.002857 0.007619
0 0.686786 0.509524 0.003571 0.019048
0 0.680357 0.506190 0.005000 0.018095
0 0.626786 0.390952 0.005000 0.018095
0 0.638214 0.370000 0.003571 0.016190
0 0.650000 0.275714 0.004286 0.016190
0 0.603929 0.149048 0.005000 0.012381
0 0.540357 0.195238 0.003571 0.007619
0 0.572500 0.302381 0.003571 0.010476
0 0.501429 0.343810 0.007143 0.011429
0 0.493214 0.365714 0.005000 0.011429
0 0.588571 0.553333 0.005714 0.011429
0 0.507143 0.622857 0.010000 0.020952
