0 0.158571 0.473810 0.015714 0.031429
0 0.222143 0.396667 0.018571 0.029524
0 0.251071 0.197143 0.013571 0.028571
0 0.284286 0.187619 0.012857 0.026667
0 0.305714 0.173810 0.010000 0.027619
0 0.353571 0.124762 0.007143 0.019048
0 0.366429 0.121905 0.008571 0.022857
0 0.373929 0.111905 0.006429 0.025714
0 0.467857 0.077143 0.005714 0.017143
0 0.472500 0.058095 0.007857 0.017143
0 0.486071 0.030000 0.010714 0.014286
0 0.495714 0.022381 0.014286 0.014286
0 0.499643 0.168095 0.010714 0.029524
0 0.627857 0.143333 0.004286 0.023810
0 0.622143 0.197619 0.008571 0.027619
0 0.633929 0.167619 0.006429 0.020952
0 0.656071 0.158571 0.005000 0.021905
0 0.653929 0.138571 0.006429 0.021905
0 0.695714 0.412381 0.017143 0.045714
0 0.674286 0.619048 0.014286 0.062857
0 0.656786 0.617619 0.015000 0.063810
0 0.397500 0.429048 0.019286 0.040952
