0 0.669250 0.552000 0.009500 0.021333
0 0.650500 0.382000 0.005000 0.017333
0 0.397500 0.887333 0.010000 0.020000
0 0.542250 0.711333 0.005500 0.013333
0 0.545000 0.708333 0.006000 0.015333
0 0.547750 0.727000 0.006500 0.024667
0 0.527750 0.731667 0.006500 0.020667
0 0.530750 0.742000 0.004500 0.017333
0 0.535750 0.730667 0.006500 0.021333
0 0.484500 0.634333 0.006000 0.019333
0 0.488000 0.647667 0.006000 0.022000
0 0.521500 0.590000 0.007000 0.022667
0 0.197500 0.656667 0.012000 0.020000
0 0.018250 0.724000 0.016500 0.020000
0 0.037000 0.706000 0.017000 0.018667
0 0.035750 0.720333 0.016500 0.018000
0 0.261000 0.347667 0.009000 0.019333
0 0.267250 0.343000 0.009500 0.019333
