0 0.216429 0.161168 0.004286 0.010152
0 0.182857 0.206218 0.004286 0.011421
0 0.262500 0.229061 0.005000 0.011421
0 0.268929 0.220812 0.003571 0.010152
0 0.265714 0.199873 0.002857 0.011421
0 0.276786 0.235406 0.003571 0.011421
0 0.276429 0.221447 0.004286 0.011421
0 0.272143 0.203680 0.002857 0.011421
0 0.284643 0.210025 0.002143 0.008883
0 0.288214 0.217005 0.003571 0.012690
0 0.463214 0.122462 0.002143 0.008883
0 0.467500 0.109772 0.002143 0.008883
0 0.459286 0.171954 0.002857 0.011421
0 0.456071 0.181472 0.002143 0.010152
0 0.456429 0.178299 0.002857 0.011421
0 0.523214 0.096447 0.002143 0.010152
0 0.497143 0.153553 0.001429 0.010152
0 0.974643 0.298223 0.005000 0.010152
0 0.922500 0.807107 0.005000 0.012690
0 0.228214 0.456853 0.003571 0.012690
