0 0.905357 0.542857 0.013571 0.041905
0 0.936786 0.560000 0.017857 0.043810
0 0.357857 0.373333 0.008571 0.019048
0 0.188571 0.452381 0.008571 0.028571
0 0.182857 0.450000 0.010000 0.029524
0 0.872143 0.697619 0.011429 0.052381
0 0.916071 0.470476 0.012143 0.036190
0 0.930000 0.469524 0.005714 0.034286
0 0.862500 0.454762 0.007857 0.031429
0 0.658929 0.572381 0.013571 0.038095
0 0.361071 0.340476 0.007857 0.018095
0 0.391786 0.319524 0.006429 0.016190
0 0.423929 0.307143 0.003571 0.012381
0 0.550000 0.355238 0.004286 0.011429
0 0.564643 0.355238 0.005000 0.013333
0 0.683571 0.640952 0.008571 0.055238
0 0.691071 0.636667 0.005000 0.050476
0 0.870357 0.459048 0.006429 0.022857
0 0.736786 0.352381 0.006429 0.019048
0 0.800714 0.328095 0.004286 0.016190
0 0.803571 0.328095 0.004286 0.016190
