0 0.296429 0.786667 0.008571 0.036190
0 0.323929 0.784286 0.007857 0.027619
0 0.334286 0.776667 0.011429 0.037143
0 0.212500 0.685714 0.006429 0.024762
0 0.240357 0.625238 0.005000 0.016190
0 0.279643 0.602381 0.003571 0.014286
0 0.301786 0.598095 0.003571 0.015238
0 0.370714 0.575714 0.004286 0.012381
0 0.513929 0.560952 0.002143 0.007619
0 0.549286 0.587619 0.002857 0.009524
0 0.535357 0.564286 0.002143 0.004762
0 0.415000 0.566190 0.001429 0.008571
0 0.315357 0.643810 0.005000 0.020952
0 0.308571 0.643810 0.005714 0.019048
0 0.302500 0.643810 0.003571 0.017143
