0 0.079643 0.564721 0.013571 0.038071
0 0.345714 0.814721 0.011429 0.040609
0 0.341429 0.813452 0.008571 0.038071
0 0.305357 0.932741 0.015000 0.030457
0 0.416786 0.444797 0.007857 0.031726
0 0.209286 0.734772 0.012857 0.035533
0 0.237143 0.653553 0.008571 0.027919
0 0.310000 0.222716 0.004286 0.019036
0 0.312857 0.217640 0.005714 0.026650
0 0.405714 0.234772 0.005714 0.025381
0 0.409286 0.276650 0.007143 0.020305
0 0.403571 0.308376 0.007143 0.017766
0 0.405714 0.304569 0.005714 0.020305
0 0.328929 0.241751 0.007857 0.026650
0 0.177500 0.164340 0.005000 0.016497
