0 0.290714 0.660000 0.020000 0.026667
0 0.269286 0.640000 0.021429 0.036190
0 0.246071 0.649048 0.029286 0.035238
0 0.218214 0.694286 0.026429 0.036190
0 0.102500 0.719048 0.045000 0.032381
0 0.103929 0.757143 0.040714 0.034286
0 0.151429 0.881905 0.044286 0.022857
0 0.143929 0.866190 0.025000 0.018095
0 0.306786 0.798571 0.025000 0.033333
0 0.791786 0.580000 0.023571 0.043810
0 0.821786 0.607143 0.025000 0.042857
0 0.840357 0.639524 0.027857 0.044762
0 0.808929 0.647143 0.029286 0.042857
0 0.777500 0.871429 0.040714 0.053333
