0 0.405714 0.216667 0.010000 0.016190
0 0.432500 0.295714 0.012143 0.020000
0 0.375357 0.288571 0.010714 0.020952
0 0.360357 0.418571 0.010714 0.016190
0 0.388929 0.429048 0.012143 0.012381
0 0.452143 0.447143 0.007143 0.012381
0 0.458214 0.454286 0.006429 0.009524
0 0.941429 0.173333 0.020000 0.019048
0 0.712500 0.204286 0.013571 0.021905
0 0.582143 0.274762 0.012857 0.023810
0 0.564286 0.978095 0.010000 0.028571
0 0.710000 0.926667 0.021429 0.017143
0 0.355714 0.952381 0.012857 0.015238
0 0.345357 0.954286 0.010714 0.013333
0 0.344286 0.846190 0.017143 0.014286
0 0.281786 0.940000 0.020714 0.028571
