0 0.473214 0.561429 0.002143 0.006667
0 0.516429 0.638571 0.002857 0.008571
0 0.513929 0.639524 0.002143 0.010476
0 0.578214 0.699048 0.003571 0.013333
0 0.587500 0.702381 0.003571 0.012381
0 0.586786 0.709048 0.003571 0.010476
0 0.560000 0.716190 0.002857 0.013333
0 0.593214 0.694762 0.003571 0.012381
0 0.581429 0.734286 0.002857 0.013333
0 0.648929 0.746190 0.006429 0.014286
0 0.655000 0.905714 0.007143 0.024762
0 0.436786 0.741429 0.003571 0.016190
0 0.438929 0.739048 0.003571 0.017143
0 0.444643 0.649524 0.002143 0.007619
0 0.442143 0.649048 0.002857 0.008571
0 0.427143 0.665714 0.002857 0.009524
0 0.409286 0.674286 0.004286 0.013333
0 0.417857 0.652857 0.002857 0.008571
0 0.387143 0.701429 0.002857 0.012381
0 0.396071 0.800476 0.005000 0.020000
0 0.280357 0.747619 0.005000 0.015238
0 0.291786 0.728095 0.003571 0.016190
0 0.274643 0.794762 0.006429 0.018095
0 0.367143 0.821905 0.004286 0.019048
0 0.206429 0.794286 0.004286 0.009524
0 0.152500 0.794762 0.006429 0.012381
0 0.110357 0.774286 0.003571 0.013333
0 0.106429 0.772857 0.004286 0.018095
0 0.027857 0.796667 0.005714 0.012381
0 0.325714 0.850952 0.007143 0.012381
0 0.062500 0.876667 0.009286 0.025714
0 0.045714 0.876190 0.007143 0.020952
0 0.166429 0.891905 0.038571 0.035238
