0 0.076786 0.245238 0.019286 0.037143
0 0.040714 0.240000 0.035714 0.041905
0 0.263571 0.179048 0.025714 0.036190
0 0.207143 0.131429 0.027143 0.041905
0 0.241071 0.108571 0.025000 0.047619
0 0.411786 0.149524 0.015000 0.036190
0 0.439286 0.154762 0.017143 0.037143
0 0.843929 0.771905 0.033571 0.021905
0 0.831071 0.744286 0.016429 0.029524
0 0.802857 0.729524 0.017143 0.022857
0 0.765714 0.690952 0.021429 0.029524
0 0.841429 0.725714 0.017143 0.028571
0 0.810714 0.720476 0.014286 0.023810
0 0.886071 0.640000 0.017857 0.022857
0 0.835000 0.548571 0.017143 0.020952
0 0.523929 0.235714 0.012143 0.027619
0 0.506786 0.230952 0.013571 0.029524
0 0.495357 0.168095 0.010714 0.033333
0 0.495357 0.142381 0.007857 0.033333
0 0.482857 0.152857 0.008571 0.033333
0 0.429286 0.074286 0.014286 0.030476
0 0.413571 0.064286 0.011429 0.031429
0 0.374286 0.078095 0.011429 0.038095
0 0.369286 0.051905 0.010000 0.035238
0 0.352500 0.044762 0.013571 0.036190
0 0.718929 0.640000 0.017857 0.034286
0 0.683929 0.569524 0.013571 0.028571
