0 0.200000 0.263333 0.004286 0.014286
0 0.195714 0.270476 0.004286 0.013333
0 0.191786 0.277143 0.005000 0.013333
0 0.286786 0.345238 0.007857 0.025714
0 0.366786 0.274762 0.006429 0.020000
0 0.141786 0.543333 0.015000 0.029524
0 0.417500 0.098571 0.006429 0.014286
0 0.387143 0.203333 0.004286 0.020000
0 0.378929 0.232381 0.007857 0.020952
0 0.593929 0.027619 0.006429 0.020952
0 0.755000 0.034286 0.005714 0.020952
0 0.761786 0.036190 0.003571 0.020952
0 0.753214 0.005238 0.005000 0.010476
0 0.776429 0.029048 0.004286 0.018095
0 0.770357 0.079524 0.003571 0.020000
0 0.731071 0.187619 0.006429 0.022857
0 0.728214 0.248571 0.006429 0.026667
0 0.721071 0.249048 0.006429 0.025714
0 0.724643 0.184286 0.005000 0.020000
0 0.765714 0.328095 0.001429 0.018095
0 0.708214 0.636190 0.006429 0.026667
0 0.686071 0.698571 0.009286 0.027619
0 0.670357 0.710952 0.010714 0.031429
0 0.710357 0.973333 0.007857 0.028571
0 0.809643 0.014286 0.005000 0.019048
0 0.813214 0.044286 0.007857 0.020000
0 0.795000 0.042381 0.005714 0.021905
0 0.826429 0.051429 0.002857 0.015238
0 0.831786 0.043333 0.003571 0.016190
0 0.883214 0.075714 0.010714 0.020000
