0 0.009643 0.251269 0.009286 0.027919
0 0.013214 0.215102 0.010714 0.026650
0 0.030714 0.248731 0.007143 0.017766
0 0.033214 0.246193 0.006429 0.020305
0 0.065357 0.195431 0.006429 0.012690
0 0.066786 0.191624 0.006429 0.012690
0 0.089643 0.138959 0.006429 0.024112
0 0.084643 0.139594 0.005000 0.022843
0 0.093929 0.131345 0.006429 0.021574
0 0.086786 0.121193 0.005000 0.019036
0 0.085357 0.135152 0.005000 0.024112
0 0.123929 0.079949 0.006429 0.022843
0 0.132857 0.059645 0.004286 0.017766
0 0.137857 0.069797 0.004286 0.017766
