0 0.160714 0.740000 0.020000 0.020952
0 0.152857 0.871429 0.021429 0.020952
0 0.176071 0.178571 0.015000 0.025714
0 0.154286 0.176667 0.015714 0.020000
0 0.183571 0.127619 0.011429 0.024762
0 0.528571 0.302857 0.011429 0.024762
0 0.542143 0.276667 0.010000 0.021905
0 0.614643 0.272857 0.009286 0.027619
0 0.138214 0.053810 0.010714 0.021905
0 0.158214 0.038095 0.010714 0.022857
0 0.195000 0.056667 0.011429 0.023810
0 0.201786 0.055238 0.010714 0.026667
0 0.232143 0.057619 0.007143 0.016190
0 0.207857 0.021429 0.008571 0.016190
0 0.143214 0.314286 0.013571 0.017143
0 0.132143 0.300000 0.011429 0.020952
0 0.172143 0.306190 0.008571 0.016190
0 0.788929 0.845714 0.015000 0.020952
0 0.728571 0.579048 0.018571 0.022857
0 0.722500 0.555238 0.019286 0.020952
0 0.727143 0.572857 0.020000 0.021905
0 0.634286 0.268571 0.010000 0.015238
0 0.640714 0.241429 0.008571 0.014286
0 0.643214 0.233810 0.009286 0.016190
0 0.568571 0.116667 0.007143 0.023810
0 0.558929 0.122381 0.006429 0.023810
0 0.558929 0.107619 0.006429 0.022857
0 0.557857 0.095714 0.007143 0.018095
0 0.558214 0.089524 0.005000 0.022857
0 0.576071 0.094762 0.007857 0.027619
0 0.598214 0.121429 0.006429 0.018095
