0 0.057000 0.360000 0.004000 0.010667
0 0.052750 0.361000 0.005500 0.010000
0 0.041000 0.369667 0.004000 0.010000
0 0.047000 0.359667 0.003000 0.012667
0 0.065750 0.407000 0.004500 0.010000
0 0.125250 0.534333 0.006500 0.019333
0 0.148000 0.515000 0.006000 0.019333
0 0.372000 0.579000 0.007000 0.014000
0 0.263750 0.486667 0.006500 0.017333
0 0.319250 0.462667 0.002500 0.012000
0 0.322250 0.462000 0.003500 0.012000
0 0.321250 0.464667 0.003500 0.010667
0 0.343500 0.484333 0.004000 0.008667
0 0.347000 0.463667 0.006000 0.007333
0 0.331250 0.464000 0.004500 0.012000
0 0.344750 0.446667 0.004500 0.008000
0 0.691250 0.545333 0.006500 0.021333
0 0.614500 0.560000 0.008000 0.022667
0 0.423250 0.740000 0.007500 0.034667
0 0.441750 0.752333 0.016500 0.020667
