0 0.230000 0.866667 0.017143 0.022857
0 0.126786 0.762381 0.015000 0.021905
0 0.158214 0.821429 0.017857 0.021905
0 0.122857 0.686190 0.017143 0.021905
0 0.060714 0.699524 0.014286 0.021905
0 0.086429 0.642857 0.014286 0.015238
0 0.016786 0.608571 0.015000 0.017143
0 0.141786 0.542857 0.015000 0.022857
0 0.077857 0.498571 0.014286 0.020000
0 0.010714 0.497619 0.015714 0.027619
0 0.191429 0.508571 0.012857 0.017143
0 0.196071 0.500476 0.012143 0.014286
0 0.208571 0.458095 0.015714 0.024762
0 0.230714 0.472857 0.011429 0.023810
0 0.250714 0.516190 0.011429 0.019048
0 0.122857 0.482857 0.012857 0.022857
0 0.356786 0.556190 0.010714 0.024762
0 0.401786 0.585714 0.010714 0.022857
0 0.413214 0.537619 0.010714 0.025714
0 0.422857 0.533333 0.011429 0.024762
0 0.432143 0.528095 0.007143 0.016190
0 0.340000 0.481429 0.010000 0.023810
0 0.255714 0.436667 0.011429 0.020000
0 0.289643 0.478095 0.010714 0.024762
0 0.191071 0.325238 0.015000 0.018095
0 0.108571 0.399048 0.014286 0.020952
0 0.055714 0.324286 0.012857 0.020000
0 0.063214 0.440476 0.015000 0.021905
0 0.008571 0.412857 0.011429 0.023810
0 0.399643 0.906190 0.013571 0.023810
0 0.447143 0.709048 0.010000 0.020000
0 0.485357 0.609048 0.009286 0.014286
0 0.492857 0.603333 0.010000 0.021905
0 0.496429 0.618571 0.010000 0.012381
0 0.555714 0.563810 0.008571 0.026667
0 0.600357 0.626667 0.010714 0.022857
0 0.612143 0.573810 0.010000 0.016190
0 0.621071 0.573810 0.009286 0.018095
0 0.645714 0.617143 0.012857 0.022857
0 0.665714 0.635714 0.007143 0.021905
0 0.638929 0.800476 0.012143 0.021905
0 0.650000 0.810952 0.012857 0.016190
0 0.799286 0.767143 0.012857 0.027619
0 0.823214 0.739524 0.010714 0.021905
