0 0.711429 0.054286 0.008571 0.026667
0 0.764643 0.128571 0.009286 0.034286
0 0.761429 0.220476 0.008571 0.025714
0 0.797500 0.239048 0.013571 0.030476
0 0.846429 0.293810 0.012857 0.025714
0 0.878214 0.650000 0.015000 0.025714
0 0.870357 0.330952 0.012143 0.023810
0 0.798929 0.175238 0.013571 0.030476
0 0.810714 0.235714 0.011429 0.029524
0 0.392500 0.037619 0.013571 0.027619
0 0.270714 0.228571 0.012857 0.026667
0 0.402143 0.030952 0.011429 0.023810
0 0.456786 0.040952 0.010714 0.030476
0 0.685714 0.018095 0.010000 0.024762
0 0.697857 0.041429 0.010000 0.027619
0 0.813571 0.141429 0.007143 0.029524
0 0.237500 0.010476 0.009286 0.020952
0 0.281071 0.010000 0.010714 0.020000
0 0.411786 0.014286 0.005000 0.028571
0 0.605714 0.010476 0.008571 0.020952
0 0.545714 0.009048 0.008571 0.018095
0 0.780000 0.010952 0.007143 0.021905
0 0.814643 0.023810 0.009286 0.022857
0 0.922857 0.013810 0.011429 0.027619
0 0.866429 0.011905 0.010000 0.021905
0 0.823214 0.120952 0.007857 0.022857
0 0.744286 0.120476 0.007143 0.025714
0 0.816786 0.121905 0.005000 0.013333
0 0.829286 0.397619 0.012857 0.027619
0 0.956429 0.013333 0.011429 0.026667
0 0.821786 0.399524 0.015000 0.025714
0 0.453214 0.024762 0.009286 0.026667
0 0.297500 0.088095 0.010714 0.025714
0 0.286429 0.070952 0.010000 0.033333
0 0.311786 0.049048 0.012143 0.027619
0 0.218929 0.007619 0.012143 0.015238
0 0.230714 0.016667 0.010000 0.020000
0 0.109643 0.396667 0.017857 0.029524
0 0.310357 0.031905 0.006429 0.016190
0 0.304286 0.032381 0.005714 0.015238
0 0.214643 0.924286 0.017857 0.025714
0 0.219286 0.910952 0.014286 0.021905
0 0.195000 0.591905 0.014286 0.025714
