0 0.606429 0.958571 0.040000 0.082857
0 0.504286 0.848571 0.034286 0.089524
0 0.235357 0.586190 0.019286 0.048571
0 0.274286 0.560000 0.022857 0.066667
0 0.338571 0.387143 0.018571 0.046667
0 0.607500 0.270476 0.009286 0.026667
0 0.632143 0.268095 0.011429 0.029524
0 0.649286 0.269524 0.008571 0.028571
0 0.660714 0.281429 0.007143 0.031429
0 0.668571 0.270952 0.011429 0.033333
0 0.655714 0.265714 0.008571 0.030476
0 0.688929 0.250952 0.012143 0.025714
0 0.738571 0.244286 0.008571 0.023810
0 0.732500 0.233810 0.009286 0.021905
