0 0.486071 0.834286 0.009286 0.020952
0 0.404643 0.215714 0.005000 0.016190
0 0.133214 0.605238 0.012143 0.018095
0 0.136429 0.592857 0.008571 0.018095
0 0.141429 0.583333 0.011429 0.023810
0 0.243571 0.289524 0.005714 0.019048
0 0.246429 0.288571 0.005714 0.019048
0 0.849286 0.508571 0.008571 0.020952
0 0.152143 0.058095 0.004286 0.011429
0 0.157500 0.057143 0.006429 0.011429
0 0.152143 0.021905 0.005714 0.013333
0 0.145714 0.023333 0.004286 0.012381
0 0.344643 0.043333 0.002143 0.008571
0 0.370000 0.061905 0.002857 0.007619
