0 0.873214 0.319162 0.006429 0.021574
0 0.864643 0.319797 0.005000 0.020305
0 0.862143 0.314086 0.005714 0.019036
0 0.703571 0.320431 0.007143 0.021574
0 0.685357 0.308376 0.006429 0.020305
0 0.679643 0.302030 0.005000 0.017766
0 0.677500 0.317893 0.005000 0.021574
0 0.697857 0.291878 0.004286 0.015228
0 0.701786 0.288071 0.003571 0.015228
0 0.682857 0.172589 0.004286 0.017766
0 0.766429 0.510787 0.007143 0.021574
0 0.656071 0.601523 0.009286 0.017766
0 0.656786 0.590102 0.009286 0.017766
0 0.643214 0.587563 0.009286 0.025381
0 0.629643 0.589467 0.007857 0.029188
0 0.606429 0.853426 0.005714 0.024112
0 0.613929 0.855330 0.007857 0.027919
0 0.623929 0.951777 0.009286 0.020305
0 0.324286 0.702411 0.007143 0.024112
0 0.328571 0.659264 0.007143 0.024112
0 0.351429 0.605964 0.007143 0.024112
0 0.352857 0.545051 0.007143 0.013959
