0 0.008571 0.968909 0.004286 0.011421
0 0.008929 0.968274 0.002143 0.007614
0 0.011071 0.975254 0.003571 0.008883
0 0.005714 0.982868 0.005714 0.013959
0 0.201071 0.971447 0.003571 0.011421
0 0.200714 0.965102 0.002857 0.011421
0 0.262500 0.859137 0.003571 0.010152
0 0.271071 0.839467 0.003571 0.008883
0 0.340714 0.838832 0.002857 0.010152
0 0.328929 0.937817 0.002143 0.010152
0 0.332857 0.939721 0.002857 0.006345
0 0.333571 0.949239 0.002857 0.007614
0 0.438214 0.724619 0.002143 0.010152
0 0.441071 0.724619 0.002143 0.010152
0 0.443929 0.697970 0.002143 0.007614
0 0.280714 0.562817 0.002857 0.008883
0 0.284643 0.560279 0.002143 0.006345
0 0.450000 0.463832 0.001429 0.006345
0 0.453929 0.463832 0.002143 0.006345
0 0.509643 0.317259 0.002143 0.005076
0 0.570357 0.761421 0.003571 0.012690
