0 0.301429 0.390000 0.030000 0.056190
0 0.440000 0.309524 0.020000 0.059048
0 0.531071 0.290476 0.019286 0.047619
0 0.626071 0.202857 0.015000 0.053333
0 0.581429 0.183810 0.014286 0.038095
0 0.544286 0.062857 0.012857 0.040000
0 0.531429 0.080952 0.011429 0.036190
0 0.520000 0.086190 0.012857 0.040952
0 0.506071 0.091905 0.013571 0.048571
0 0.444286 0.171905 0.012857 0.050476
0 0.429286 0.173333 0.015714 0.036190
0 0.420714 0.180952 0.014286 0.032381
0 0.484286 0.136190 0.012857 0.043810
0 0.483214 0.161905 0.013571 0.036190
0 0.515357 0.123333 0.015000 0.029524
0 0.526786 0.131905 0.015000 0.029524
0 0.916429 0.708095 0.037143 0.050476
0 0.870000 0.714286 0.027143 0.047619
0 0.195000 0.014286 0.015714 0.028571
0 0.205000 0.014286 0.015714 0.028571
0 0.745714 0.418571 0.017143 0.031429
0 0.768929 0.416667 0.016429 0.033333
