0 0.693571 0.782360 0.007143 0.026650
0 0.681786 0.784898 0.007857 0.026650
0 0.686071 0.788071 0.006429 0.025381
0 0.696786 0.767132 0.007857 0.026650
0 0.698929 0.908629 0.007857 0.035533
0 0.676786 0.664340 0.006429 0.024112
0 0.669286 0.659898 0.005714 0.020305
0 0.693571 0.289340 0.004286 0.015228
0 0.705714 0.329315 0.004286 0.016497
0 0.684286 0.266497 0.002857 0.010152
0 0.687500 0.258883 0.005000 0.015228
0 0.427500 0.628173 0.006429 0.025381
0 0.420714 0.623731 0.007143 0.026650
0 0.447857 0.500635 0.005714 0.019036
0 0.448571 0.492386 0.004286 0.017766
0 0.753214 0.828680 0.007857 0.025381
0 0.043929 0.928934 0.009286 0.027919
0 0.054286 0.937817 0.007143 0.030457
0 0.541429 0.223350 0.002857 0.007614
0 0.552857 0.307741 0.002857 0.011421
