0 0.226071 0.457487 0.003571 0.008883
0 0.230000 0.452411 0.004286 0.011421
0 0.219643 0.792513 0.005000 0.008883
0 0.215714 0.803299 0.002857 0.007614
0 0.216071 0.798223 0.003571 0.007614
0 0.306786 0.783629 0.003571 0.011421
0 0.341071 0.954315 0.005000 0.012690
0 0.346071 0.941624 0.005000 0.010152
0 0.350000 0.939086 0.004286 0.010152
0 0.416786 0.279188 0.002143 0.012690
0 0.423571 0.277284 0.002857 0.011421
0 0.433571 0.251904 0.002857 0.011421
0 0.435357 0.255076 0.002143 0.007614
0 0.436786 0.250635 0.002143 0.008883
0 0.551786 0.251904 0.002143 0.008883
0 0.491429 0.042513 0.001429 0.008883
