0 0.275714 0.180476 0.002857 0.006667
0 0.275000 0.183333 0.004286 0.004762
0 0.346071 0.299048 0.003571 0.005714
0 0.342857 0.314286 0.004286 0.007619
0 0.350000 0.301429 0.004286 0.008571
0 0.360714 0.300000 0.004286 0.005714
0 0.358929 0.303333 0.003571 0.004762
0 0.358214 0.312857 0.005000 0.006667
0 0.355357 0.317143 0.005000 0.005714
0 0.351429 0.320000 0.004286 0.005714
0 0.341071 0.330952 0.003571 0.008571
0 0.337857 0.329524 0.002857 0.005714
0 0.332857 0.334286 0.002857 0.007619
0 0.328571 0.334762 0.005714 0.006667
0 0.323929 0.332857 0.003571 0.004762
0 0.333571 0.328571 0.005714 0.005714
0 0.295000 0.359048 0.002857 0.005714
0 0.296071 0.355714 0.005000 0.004762
0 0.290000 0.381905 0.004286 0.005714
0 0.288929 0.387143 0.005000 0.004762
0 0.253571 0.398095 0.005714 0.005714
0 0.246429 0.401905 0.005714 0.005714
0 0.247143 0.405238 0.004286 0.004762
0 0.203571 0.450476 0.005714 0.005714
0 0.170000 0.481429 0.007143 0.004762
0 0.154643 0.480476 0.006429 0.004762
0 0.156786 0.484762 0.006429 0.003810
0 0.156786 0.488095 0.006429 0.004762
0 0.122857 0.488571 0.008571 0.005714
0 0.441786 0.331905 0.003571 0.004762
0 0.440000 0.334762 0.004286 0.004762
0 0.510714 0.442381 0.004286 0.004762
0 0.508929 0.450476 0.005000 0.005714
0 0.517500 0.451905 0.003571 0.004762
0 0.517857 0.457143 0.004286 0.003810
0 0.521429 0.460476 0.004286 0.006667
0 0.535000 0.492381 0.004286 0.005714
0 0.607143 0.714286 0.002857 0.007619
0 0.610357 0.720476 0.003571 0.006667
