0 0.070357 0.199524 0.007857 0.008571
0 0.206786 0.238095 0.006429 0.007619
0 0.278214 0.208571 0.003571 0.007619
0 0.198571 0.242381 0.007143 0.008571
0 0.195357 0.245238 0.006429 0.008571
0 0.208571 0.254286 0.005714 0.005714
0 0.208929 0.259048 0.007857 0.005714
0 0.220000 0.263333 0.005714 0.006667
0 0.216429 0.264762 0.005714 0.007619
0 0.215357 0.273333 0.009286 0.009524
0 0.221786 0.284762 0.006429 0.005714
0 0.219286 0.290476 0.005714 0.005714
0 0.217857 0.287619 0.004286 0.005714
0 0.209643 0.297619 0.005000 0.006667
0 0.212143 0.296190 0.004286 0.005714
0 0.213214 0.290000 0.005000 0.006667
0 0.196429 0.343333 0.005714 0.006667
0 0.182143 0.382857 0.005714 0.005714
0 0.191786 0.348095 0.009286 0.004762
0 0.197143 0.396667 0.005714 0.006667
0 0.180357 0.394762 0.006429 0.004762
0 0.173571 0.388571 0.005714 0.005714
0 0.173929 0.398571 0.007857 0.004762
0 0.174286 0.449048 0.005714 0.004762
0 0.176071 0.463333 0.007857 0.006667
0 0.142857 0.524762 0.005714 0.005714
0 0.112857 0.575714 0.008571 0.004762
0 0.138929 0.558571 0.007857 0.006667
0 0.128571 0.552857 0.005714 0.006667
0 0.125357 0.553333 0.006429 0.005714
0 0.113929 0.579048 0.007857 0.005714
0 0.397143 0.499524 0.004286 0.006667
0 0.385714 0.248571 0.004286 0.005714
0 0.385714 0.241905 0.002857 0.007619
0 0.398929 0.251429 0.003571 0.005714
0 0.404643 0.250476 0.005000 0.007619
0 0.421071 0.268571 0.003571 0.007619
0 0.658214 0.307619 0.005000 0.005714
0 0.660714 0.309524 0.004286 0.007619
0 0.622857 0.377143 0.005714 0.005714
0 0.626429 0.380000 0.004286 0.005714
0 0.590357 0.448571 0.003571 0.005714
0 0.586786 0.450000 0.003571 0.004762
0 0.476071 0.583333 0.005000 0.004762
0 0.479643 0.576190 0.003571 0.005714
0 0.481071 0.571429 0.003571 0.005714
0 0.412500 0.771905 0.005000 0.006667
0 0.406071 0.783810 0.003571 0.005714
0 0.407500 0.788571 0.003571 0.007619
0 0.413571 0.776667 0.004286 0.006667
0 0.417857 0.775714 0.004286 0.006667
0 0.318214 0.928571 0.005000 0.009524
0 0.323214 0.928571 0.005000 0.007619
0 0.323929 0.920476 0.005000 0.008571
0 0.331786 0.911429 0.005000 0.009524
0 0.337857 0.897619 0.004286 0.008571
0 0.334286 0.905714 0.004286 0.009524
0 0.337857 0.907143 0.004286 0.010476
0 0.340357 0.899048 0.003571 0.009524
0 0.776786 0.717143 0.007857 0.007619
0 0.962500 0.343810 0.009286 0.005714
0 0.972143 0.342857 0.008571 0.003810
0 0.865357 0.512381 0.005000 0.007619
