0 0.071429 0.584286 0.015714 0.010476
0 0.542857 0.974286 0.010000 0.015238
0 0.512143 0.871905 0.007143 0.016190
0 0.521071 0.841429 0.006429 0.014286
0 0.528571 0.839048 0.008571 0.011429
0 0.498929 0.667619 0.007857 0.011429
0 0.508571 0.658095 0.008571 0.009524
0 0.516429 0.666190 0.005714 0.010476
0 0.488929 0.580000 0.006429 0.011429
0 0.495000 0.587619 0.007143 0.007619
0 0.454286 0.571905 0.007143 0.010476
0 0.433929 0.272857 0.005000 0.010476
0 0.467857 0.220000 0.007143 0.009524
0 0.468929 0.164762 0.006429 0.011429
0 0.474643 0.189524 0.010714 0.011429
0 0.418214 0.133810 0.006429 0.012381
0 0.472143 0.135238 0.007143 0.013333
0 0.460714 0.041905 0.010000 0.017143
0 0.423571 0.084286 0.005714 0.014286
0 0.423929 0.072857 0.007857 0.014286
0 0.484286 0.033333 0.007143 0.013333
0 0.411429 0.046190 0.008571 0.016190
0 0.417857 0.036190 0.008571 0.017143
