0 0.734750 0.786667 0.045500 0.090667
0 0.666000 0.733000 0.031000 0.088667
0 0.732250 0.494333 0.012500 0.052667
0 0.676750 0.483333 0.017500 0.038667
0 0.668000 0.421667 0.010000 0.036667
0 0.658250 0.413000 0.009500 0.031333
0 0.669250 0.411667 0.012500 0.035333
0 0.772750 0.419333 0.014500 0.042667
0 0.765250 0.378333 0.010500 0.031333
0 0.905750 0.426333 0.018500 0.043333
0 0.885500 0.386333 0.014000 0.031333
0 0.883000 0.435000 0.014000 0.034000
0 0.792000 0.332667 0.010000 0.024000
0 0.881000 0.313000 0.006000 0.020667
0 0.829750 0.290000 0.005500 0.012000
0 0.802250 0.284000 0.005500 0.014667
0 0.819250 0.265000 0.004500 0.011333
