0 0.564286 0.293782 0.011429 0.034264
0 0.923929 0.249365 0.010714 0.031726
0 0.939643 0.019670 0.010714 0.031726
0 0.046429 0.199239 0.014286 0.022843
0 0.217143 0.407360 0.012857 0.022843
0 0.983571 0.555203 0.017143 0.039340
0 0.899643 0.250000 0.006429 0.025381
0 0.892500 0.248731 0.010714 0.030457
0 0.912143 0.227157 0.010000 0.032995
0 0.917857 0.228426 0.008571 0.027919
0 0.915357 0.163071 0.009286 0.031726
0 0.909286 0.160533 0.010000 0.029188
0 0.916786 0.134518 0.007857 0.025381
0 0.911429 0.131980 0.010000 0.020305
