0 0.516786 0.497143 0.019286 0.055238
0 0.343214 0.474286 0.016429 0.051429
0 0.398929 0.435714 0.016429 0.048571
0 0.281071 0.512381 0.022143 0.030476
0 0.599643 0.389048 0.013571 0.039048
0 0.512143 0.333333 0.007143 0.022857
0 0.503214 0.333810 0.005000 0.021905
0 0.500714 0.333333 0.007143 0.024762
0 0.507857 0.331905 0.005714 0.023810
0 0.514643 0.320000 0.006429 0.024762
0 0.379643 0.379524 0.009286 0.023810
0 0.141786 0.304286 0.005000 0.010476
0 0.137143 0.350476 0.005714 0.015238
0 0.142500 0.352857 0.005000 0.010476
