0 0.367500 0.023810 0.002143 0.009524
0 0.365000 0.022857 0.002857 0.009524
0 0.361429 0.046190 0.002857 0.012381
0 0.358929 0.100476 0.002143 0.008571
0 0.343214 0.171429 0.003571 0.011429
0 0.361071 0.174762 0.003571 0.012381
0 0.366071 0.170476 0.003571 0.013333
0 0.354286 0.173810 0.004286 0.012381
0 0.350000 0.169524 0.002857 0.011429
0 0.347857 0.222381 0.004286 0.012381
0 0.345000 0.193333 0.002857 0.009524
0 0.340000 0.191905 0.002857 0.010476
0 0.308214 0.757143 0.006429 0.022857
0 0.430714 0.950952 0.008571 0.040952
0 0.525000 0.774762 0.005714 0.021905
0 0.379286 0.019048 0.002857 0.009524
0 0.513571 0.078095 0.002857 0.011429
0 0.381071 0.109524 0.003571 0.011429
0 0.385357 0.057619 0.002143 0.008571
0 0.384643 0.112857 0.002143 0.012381
0 0.503929 0.246190 0.003571 0.010476
0 0.573214 0.406667 0.005000 0.019048
0 0.586429 0.323810 0.004286 0.020952
0 0.532857 0.196667 0.004286 0.014286
0 0.528214 0.196190 0.003571 0.011429
0 0.570357 0.210476 0.002143 0.015238
0 0.566429 0.210000 0.002857 0.012381
0 0.526071 0.073810 0.006429 0.016190
0 0.632500 0.486667 0.005000 0.020952
0 0.423571 0.084286 0.004286 0.006667
0 0.475357 0.228095 0.003571 0.010476
0 0.571071 0.777143 0.007857 0.017143
0 0.385000 0.932381 0.008571 0.022857
