0 0.120357 0.153810 0.007857 0.020000
0 0.177143 0.239524 0.008571 0.023810
0 0.210714 0.248095 0.008571 0.027619
0 0.232143 0.251429 0.010000 0.026667
0 0.244643 0.238571 0.007857 0.021905
0 0.251071 0.242381 0.012143 0.018095
0 0.734643 0.190476 0.007857 0.022857
0 0.693214 0.222381 0.007857 0.027619
0 0.712857 0.253333 0.010000 0.028571
0 0.735357 0.241429 0.007857 0.027619
0 0.743214 0.270476 0.010714 0.030476
0 0.802857 0.304286 0.010000 0.033333
0 0.676786 0.287619 0.009286 0.032381
0 0.632500 0.343810 0.009286 0.032381
0 0.629643 0.377143 0.012143 0.032381
0 0.656429 0.372381 0.010000 0.028571
0 0.672143 0.329524 0.014286 0.019048
0 0.610000 0.347619 0.014286 0.030476
0 0.597857 0.580000 0.012857 0.041905
0 0.586786 0.583333 0.010714 0.039048
0 0.572857 0.579048 0.014286 0.049524
0 0.422143 0.599524 0.017143 0.052381
0 0.412857 0.688571 0.021429 0.049524
