0 0.551071 0.826190 0.026429 0.050476
0 0.578214 0.824762 0.025000 0.043810
0 0.435000 0.347143 0.012857 0.054286
0 0.536786 0.578095 0.019286 0.055238
0 0.646786 0.629524 0.017857 0.053333
0 0.776429 0.551429 0.025714 0.041905
0 0.680714 0.498095 0.020000 0.049524
0 0.753571 0.463810 0.020000 0.051429
0 0.656786 0.389524 0.017857 0.055238
0 0.695714 0.333810 0.020000 0.044762
0 0.532857 0.401905 0.014286 0.051429
0 0.514643 0.401905 0.016429 0.053333
0 0.526071 0.314286 0.016429 0.047619
0 0.530000 0.285714 0.014286 0.034286
0 0.555714 0.288095 0.012857 0.050476
0 0.281429 0.138095 0.014286 0.043810
0 0.518929 0.044762 0.009286 0.036190
