0 0.256071 0.119924 0.003571 0.013959
0 0.263571 0.124365 0.004286 0.010152
0 0.291071 0.119924 0.002143 0.008883
0 0.278571 0.144036 0.002857 0.011421
0 0.272143 0.164340 0.002857 0.011421
0 0.255357 0.149112 0.003571 0.013959
0 0.265000 0.147843 0.002857 0.011421
0 0.261786 0.149746 0.002143 0.010152
0 0.262857 0.161168 0.002857 0.010152
0 0.268214 0.172589 0.003571 0.015228
0 0.241071 0.157995 0.003571 0.011421
0 0.248929 0.203046 0.003571 0.010152
0 0.253929 0.218274 0.002143 0.010152
0 0.240357 0.203680 0.003571 0.011421
0 0.246071 0.212563 0.003571 0.008883
0 0.231429 0.189721 0.002857 0.011421
0 0.215000 0.198604 0.002857 0.011421
0 0.230357 0.205584 0.003571 0.012690
0 0.236071 0.207487 0.003571 0.011421
0 0.234643 0.204315 0.003571 0.010152
0 0.223571 0.197970 0.004286 0.015228
0 0.300714 0.166244 0.004286 0.012690
0 0.305000 0.182741 0.004286 0.012690
0 0.327143 0.173858 0.002857 0.012690
0 0.317500 0.197335 0.003571 0.011421
0 0.321429 0.196066 0.002857 0.013959
0 0.338571 0.197970 0.002857 0.012690
0 0.445000 0.132614 0.002857 0.013959
0 0.410357 0.164340 0.002143 0.008883
0 0.413214 0.165609 0.002143 0.008883
0 0.416071 0.166878 0.002143 0.008883
0 0.418929 0.168782 0.002143 0.010152
0 0.435714 0.166244 0.002857 0.012690
0 0.444286 0.166878 0.002857 0.008883
0 0.412857 0.158629 0.002857 0.012690
0 0.416786 0.159264 0.002143 0.011421
0 0.421071 0.160533 0.003571 0.016497
0 0.462143 0.157995 0.002857 0.008883
0 0.456786 0.198604 0.002143 0.008883
0 0.434286 0.282360 0.002857 0.013959
0 0.411786 0.260152 0.002143 0.010152
0 0.406071 0.262690 0.002143 0.010152
0 0.405357 0.269036 0.002143 0.010152
0 0.400714 0.277284 0.002857 0.016497
0 0.390714 0.267132 0.002857 0.008883
0 0.394643 0.269036 0.002143 0.010152
0 0.396429 0.257614 0.002857 0.010152
0 0.360000 0.257614 0.004286 0.012690
0 0.484643 0.146574 0.002143 0.011421
0 0.399643 0.121827 0.003571 0.007614
0 0.394643 0.121827 0.005000 0.007614
0 0.354643 0.114213 0.002143 0.007614
0 0.345000 0.112310 0.002857 0.008883
0 0.337857 0.111041 0.002857 0.008883
0 0.331071 0.109772 0.003571 0.011421
0 0.326429 0.108503 0.004286 0.011421
0 0.319286 0.106599 0.002857 0.010152
0 0.316071 0.105964 0.003571 0.011421
