0 0.341071 0.320000 0.007857 0.015238
0 0.641071 0.355714 0.007857 0.025714
0 0.511786 0.265238 0.006429 0.018095
0 0.470357 0.234762 0.006429 0.014286
0 0.495357 0.218571 0.003571 0.014286
0 0.488571 0.217143 0.004286 0.013333
0 0.462857 0.218095 0.004286 0.013333
0 0.458571 0.218095 0.004286 0.013333
0 0.644643 0.265714 0.005000 0.017143
0 0.646429 0.201429 0.002857 0.012381
0 0.652500 0.202381 0.003571 0.014286
0 0.641786 0.190476 0.003571 0.011429
0 0.645000 0.190476 0.002857 0.011429
0 0.651071 0.189048 0.003571 0.012381
0 0.665357 0.352857 0.007857 0.027619
0 0.653929 0.256667 0.003571 0.018095
0 0.656071 0.256667 0.005000 0.016190
