0 0.932143 0.760000 0.012857 0.019048
0 0.951429 0.805714 0.014286 0.013333
0 0.895714 0.716667 0.008571 0.012381
0 0.883929 0.712857 0.010714 0.010476
0 0.860000 0.640476 0.014286 0.014286
0 0.827143 0.526667 0.008571 0.013333
0 0.848929 0.530000 0.010714 0.016190
0 0.887143 0.535238 0.010000 0.011429
0 0.920714 0.548571 0.012857 0.013333
0 0.931429 0.534762 0.015714 0.014286
0 0.541786 0.175238 0.005000 0.013333
0 0.540357 0.146190 0.005000 0.016190
0 0.552857 0.150476 0.004286 0.013333
0 0.548929 0.103810 0.003571 0.013333
0 0.545714 0.102381 0.002857 0.012381
0 0.537143 0.079524 0.002857 0.012381
0 0.172500 0.187619 0.006429 0.013333
0 0.247143 0.089048 0.005714 0.014286
0 0.233929 0.015714 0.005000 0.012381
0 0.231429 0.018095 0.004286 0.011429
0 0.150357 0.091905 0.006429 0.012381
0 0.150000 0.090000 0.005714 0.012381
