0 0.746429 0.836294 0.010000 0.050761
0 0.738929 0.827411 0.007857 0.043147
0 0.818571 0.545051 0.007143 0.031726
0 0.772143 0.519670 0.010000 0.029188
0 0.501429 0.543147 0.008571 0.035533
0 0.494643 0.539340 0.006429 0.032995
0 0.519286 0.684010 0.012857 0.053299
0 0.371786 0.574873 0.009286 0.043147
0 0.286429 0.470178 0.007143 0.019036
0 0.304643 0.477157 0.007857 0.030457
0 0.279643 0.468274 0.006429 0.022843
0 0.418929 0.496827 0.007857 0.019036
0 0.577143 0.499365 0.007143 0.024112
0 0.573571 0.498096 0.004286 0.031726
0 0.483929 0.364213 0.006429 0.022843
