0 0.081071 0.161429 0.009286 0.020000
0 0.283929 0.557619 0.015000 0.037143
0 0.273929 0.582857 0.015000 0.040000
0 0.607500 0.554762 0.009286 0.029524
0 0.601786 0.548095 0.009286 0.031429
0 0.636786 0.451905 0.012143 0.029524
0 0.665714 0.382381 0.008571 0.033333
0 0.686071 0.393810 0.007857 0.033333
0 0.677143 0.393333 0.008571 0.032381
0 0.677143 0.381429 0.008571 0.035238
0 0.692143 0.383333 0.005714 0.029524
0 0.716071 0.256667 0.006429 0.023810
0 0.712500 0.254286 0.007857 0.022857
0 0.739643 0.234286 0.007857 0.024762
0 0.747857 0.200000 0.007143 0.020952
0 0.753929 0.198095 0.006429 0.020952
0 0.648571 0.042381 0.004286 0.012381
