0 0.311071 0.596667 0.017857 0.031429
0 0.348929 0.814286 0.022143 0.041905
0 0.326071 0.773333 0.016429 0.036190
0 0.329286 0.632857 0.012857 0.029524
0 0.347857 0.719524 0.015714 0.033333
0 0.348571 0.766190 0.014286 0.040952
0 0.327857 0.708095 0.014286 0.035238
0 0.329286 0.608095 0.012857 0.025714
0 0.342857 0.607143 0.012857 0.033333
0 0.353571 0.645714 0.011429 0.036190
0 0.369286 0.607143 0.011429 0.035238
0 0.355357 0.606667 0.012143 0.036190
0 0.486786 0.125714 0.005000 0.024762
0 0.551429 0.234286 0.008571 0.022857
0 0.788571 0.098095 0.007143 0.020952
0 0.823929 0.105238 0.009286 0.020000
0 0.874286 0.137619 0.011429 0.023810
0 0.868214 0.134286 0.009286 0.020952
0 0.941071 0.130000 0.007857 0.021905
0 0.944286 0.118571 0.008571 0.018095
0 0.957857 0.130476 0.010000 0.020952
