0 0.533214 0.662381 0.029286 0.063810
0 0.581071 0.641429 0.035000 0.063810
0 0.511071 0.605238 0.023571 0.058095
0 0.538929 0.582857 0.023571 0.059048
0 0.479286 0.543810 0.028571 0.045714
0 0.493214 0.541429 0.023571 0.054286
0 0.459286 0.485714 0.030000 0.057143
0 0.428214 0.500476 0.025000 0.050476
0 0.408571 0.464762 0.021429 0.047619
0 0.436429 0.450476 0.018571 0.047619
0 0.391429 0.441429 0.018571 0.048571
0 0.415000 0.428571 0.021429 0.049524
0 0.365714 0.414762 0.020000 0.054286
0 0.386786 0.370000 0.019286 0.039048
0 0.401071 0.398095 0.022143 0.047619
0 0.352857 0.378095 0.022857 0.040000
0 0.605357 0.499524 0.017857 0.035238
0 0.794286 0.624762 0.057143 0.062857
0 0.640357 0.497143 0.016429 0.040000
0 0.640000 0.512857 0.018571 0.037143
0 0.631786 0.532381 0.017857 0.057143
0 0.621071 0.534286 0.010714 0.034286
0 0.240000 0.249524 0.017143 0.038095
0 0.177143 0.202857 0.015714 0.022857
0 0.692857 0.052381 0.007143 0.019048
0 0.741786 0.066667 0.007857 0.026667
