0 0.471786 0.753173 0.020714 0.085025
0 0.832143 0.772843 0.021429 0.071066
0 0.844286 0.732234 0.017143 0.073604
0 0.862143 0.729695 0.018571 0.078680
0 0.758929 0.544416 0.016429 0.058376
0 0.641429 0.402919 0.005714 0.034264
0 0.638571 0.401650 0.005714 0.036802
0 0.697143 0.298858 0.008571 0.031726
0 0.574643 0.263325 0.007857 0.031726
0 0.185714 0.106599 0.008571 0.022843
0 0.396429 0.293782 0.005714 0.016497
0 0.286071 0.284264 0.005000 0.015228
0 0.280357 0.282995 0.006429 0.020305
0 0.268214 0.210660 0.003571 0.015228
0 0.320714 0.256980 0.007143 0.024112
