0 0.570000 0.554286 0.017143 0.045714
0 0.401071 0.492381 0.017857 0.041905
0 0.348571 0.239048 0.017143 0.049524
0 0.530714 0.075714 0.017143 0.048571
0 0.545000 0.088571 0.017143 0.043810
0 0.320714 0.314762 0.017143 0.025714
0 0.311786 0.304762 0.016429 0.040000
0 0.277500 0.379048 0.016429 0.041905
0 0.268214 0.590952 0.020714 0.025714
0 0.187857 0.710952 0.027143 0.033333
0 0.287143 0.572381 0.018571 0.020952
0 0.299286 0.400476 0.011429 0.031429
0 0.296071 0.145238 0.010714 0.027619
0 0.662143 0.307619 0.015714 0.026667
