0 0.227857 0.339048 0.011429 0.036190
0 0.341429 0.507619 0.011429 0.043810
0 0.332500 0.491429 0.009286 0.040000
0 0.454643 0.484286 0.012143 0.039048
0 0.464286 0.486190 0.008571 0.031429
0 0.473571 0.484286 0.011429 0.035238
0 0.468929 0.268095 0.009286 0.031429
0 0.463929 0.244762 0.010714 0.028571
0 0.447500 0.208095 0.006429 0.023810
0 0.466786 0.191905 0.006429 0.023810
0 0.452143 0.131905 0.007143 0.023810
0 0.489286 0.130476 0.005714 0.020952
0 0.345714 0.141905 0.005714 0.019048
0 0.332500 0.038571 0.005000 0.016190
0 0.357857 0.030000 0.004286 0.008571
0 0.438214 0.072381 0.006429 0.019048
