0 0.387143 0.048095 0.005714 0.012381
0 0.394286 0.047143 0.005714 0.012381
0 0.418571 0.040000 0.004286 0.011429
0 0.427143 0.634762 0.005714 0.008571
0 0.433214 0.637619 0.003571 0.006667
0 0.457143 0.772381 0.004286 0.013333
0 0.465000 0.773333 0.004286 0.009524
0 0.461429 0.738095 0.004286 0.007619
0 0.645000 0.974286 0.005714 0.011429
0 0.603571 0.664762 0.004286 0.007619
0 0.526429 0.593333 0.004286 0.005714
0 0.582857 0.589048 0.005714 0.006667
0 0.541786 0.612857 0.005000 0.006667
0 0.547500 0.613333 0.003571 0.005714
