0 0.058214 0.270000 0.003571 0.010476
0 0.052143 0.268571 0.004286 0.011429
0 0.035357 0.319048 0.005000 0.017143
0 0.030714 0.318095 0.005714 0.013333
0 0.054643 0.331905 0.003571 0.012381
0 0.050000 0.335238 0.004286 0.013333
0 0.057857 0.349048 0.005714 0.018095
0 0.052500 0.349048 0.003571 0.012381
0 0.050357 0.453333 0.005000 0.013333
0 0.042500 0.454762 0.006429 0.020000
0 0.011429 0.660476 0.004286 0.016190
0 0.035000 0.951905 0.010000 0.033333
0 0.072857 0.983810 0.012857 0.028571
0 0.283571 0.555238 0.004286 0.019048
0 0.371429 0.326190 0.002857 0.012381
0 0.375714 0.331429 0.002857 0.011429
0 0.378214 0.337619 0.002143 0.010476
0 0.355357 0.318571 0.002143 0.010476
0 0.383929 0.349048 0.002143 0.010476
0 0.387143 0.361905 0.002857 0.011429
0 0.357857 0.327143 0.002857 0.008571
0 0.360714 0.334286 0.001429 0.009524
0 0.362500 0.340952 0.002143 0.011429
0 0.366071 0.345238 0.002143 0.010476
0 0.371429 0.358571 0.002857 0.008571
0 0.375357 0.361905 0.002143 0.007619
0 0.377857 0.388095 0.002857 0.012381
0 0.379643 0.369048 0.002143 0.010476
0 0.456786 0.833810 0.006429 0.020000
0 0.474643 0.539048 0.003571 0.017143
0 0.468214 0.537143 0.003571 0.015238
0 0.436071 0.514286 0.005000 0.015238
0 0.431429 0.519048 0.004286 0.015238
0 0.461429 0.497619 0.004286 0.014286
0 0.422500 0.436190 0.005000 0.017143
0 0.399643 0.410000 0.003571 0.018095
0 0.452500 0.410952 0.005000 0.018095
0 0.461071 0.429524 0.003571 0.015238
0 0.480357 0.432857 0.005000 0.016190
0 0.469286 0.417143 0.007143 0.013333
0 0.466786 0.402381 0.005000 0.014286
0 0.478929 0.405714 0.003571 0.019048
0 0.485714 0.407143 0.002857 0.012381
0 0.486429 0.421905 0.002857 0.015238
0 0.390357 0.323333 0.003571 0.014286
0 0.401071 0.335238 0.003571 0.013333
0 0.495000 0.411905 0.002857 0.014286
0 0.500714 0.404762 0.004286 0.013333
0 0.493214 0.388095 0.002143 0.010476
0 0.500357 0.390000 0.003571 0.010476
0 0.513571 0.416667 0.004286 0.018095
0 0.505357 0.428571 0.003571 0.013333
0 0.501071 0.434762 0.003571 0.014286
0 0.520000 0.432381 0.002857 0.019048
0 0.521786 0.394762 0.003571 0.014286
0 0.536071 0.410000 0.003571 0.018095
0 0.531786 0.420952 0.003571 0.017143
0 0.549286 0.423810 0.002857 0.017143
0 0.540357 0.437619 0.003571 0.012381
0 0.513929 0.531905 0.003571 0.014286
0 0.473571 0.478095 0.002857 0.013333
0 0.608571 0.479048 0.004286 0.015238
0 0.633571 0.417143 0.004286 0.011429
0 0.718929 0.826190 0.005000 0.021905
0 0.708929 0.819048 0.006429 0.020952
0 0.752143 0.437619 0.002857 0.012381
0 0.790714 0.421905 0.005714 0.015238
0 0.948214 0.386667 0.003571 0.013333
0 0.814643 0.489048 0.009286 0.006667
0 0.359643 0.434762 0.005000 0.008571
0 0.347500 0.461905 0.005000 0.011429
0 0.350000 0.478571 0.005714 0.008571
0 0.363214 0.506190 0.005000 0.008571
0 0.311786 0.567143 0.006429 0.016190
0 0.361429 0.876667 0.018571 0.018095
0 0.339286 0.634286 0.007143 0.013333
0 0.599643 0.533810 0.005000 0.014286
0 0.577857 0.536667 0.007143 0.014286
0 0.519286 0.591905 0.007143 0.018095
0 0.549643 0.670952 0.010714 0.014286
