0 0.177500 0.987944 0.005000 0.021574
0 0.191071 0.988579 0.006429 0.020305
0 0.197143 0.989848 0.004286 0.017766
0 0.212857 0.990482 0.005714 0.016497
0 0.381071 0.685279 0.005000 0.017766
0 0.390000 0.567893 0.002857 0.016497
0 0.394286 0.555838 0.002857 0.012690
0 0.405000 0.513325 0.001429 0.008883
0 0.542143 0.482868 0.002857 0.008883
0 0.573929 0.444162 0.002143 0.010152
0 0.566429 0.463832 0.001429 0.011421
0 0.570000 0.463198 0.002857 0.012690
0 0.581429 0.465736 0.002857 0.012690
0 0.587143 0.442893 0.002857 0.012690
0 0.693214 0.434010 0.002143 0.010152
0 0.725000 0.431472 0.002857 0.010152
0 0.761429 0.427030 0.004286 0.011421
