0 0.644850 0.732824 0.012160 0.051527
0 0.835122 0.433683 0.006438 0.025763
0 0.499285 0.609256 0.015737 0.044847
0 0.521817 0.522901 0.010730 0.032443
0 0.452790 0.763359 0.014306 0.051527
0 0.438484 0.749046 0.018598 0.049618
0 0.454936 0.716126 0.015737 0.042939
0 0.440629 0.711355 0.018598 0.042939
0 0.434192 0.673664 0.012876 0.043893
0 0.522532 0.564885 0.007868 0.040076
0 0.562947 0.487118 0.011445 0.031489
0 0.509299 0.574427 0.011445 0.036260
0 0.535050 0.531966 0.011445 0.035305
0 0.546137 0.527672 0.013591 0.036260
0 0.302217 0.842080 0.017883 0.054389
0 0.239628 0.788168 0.024320 0.049618
0 0.195637 0.793893 0.017883 0.045802
0 0.092632 0.867844 0.025036 0.054389
0 0.038269 0.832061 0.022175 0.061069
0 0.058655 0.843989 0.031474 0.058206
0 0.112661 0.844943 0.030758 0.054389
0 0.153076 0.857347 0.024320 0.058206
0 0.199571 0.891221 0.022890 0.057252
0 0.279328 0.878817 0.019313 0.057252
0 0.006080 0.861164 0.012160 0.042939
0 0.963519 0.729008 0.022890 0.041985
0 0.652361 0.443702 0.008584 0.026718
0 0.661302 0.442271 0.009299 0.029580
0 0.575465 0.396469 0.006438 0.023855
0 0.562947 0.380248 0.007153 0.023855
0 0.566881 0.393130 0.006438 0.022901
0 0.640916 0.367844 0.005722 0.021947
0 0.214235 0.442271 0.009299 0.025763
0 0.219242 0.440840 0.009299 0.022901
0 0.500715 0.363550 0.008584 0.022901
0 0.572604 0.310592 0.005007 0.014313
0 0.559371 0.302481 0.004292 0.011450
0 0.586552 0.293416 0.004292 0.010496
