0 0.776071 0.692893 0.005000 0.012690
0 0.320357 0.128807 0.003571 0.011421
0 0.433929 0.107868 0.003571 0.012690
0 0.546071 0.200508 0.002143 0.012690
0 0.768214 0.097716 0.003571 0.012690
0 0.776786 0.132614 0.002143 0.008883
0 0.774286 0.109772 0.002857 0.008883
0 0.770357 0.111041 0.003571 0.011421
0 0.771429 0.097081 0.002857 0.011421
0 0.747143 0.024112 0.002857 0.010152
0 0.754643 0.036168 0.002143 0.011421
0 0.757500 0.039975 0.002143 0.008883
0 0.757143 0.050127 0.002857 0.011421
0 0.760357 0.038706 0.002143 0.008883
0 0.671786 0.036168 0.002143 0.008883
0 0.660357 0.069797 0.002143 0.010152
0 0.671786 0.057107 0.002143 0.012690
0 0.677857 0.051396 0.004286 0.011421
0 0.676429 0.079949 0.002857 0.012690
0 0.679286 0.067893 0.002857 0.008883
0 0.683571 0.050761 0.002857 0.012690
0 0.556071 0.097716 0.003571 0.010152
0 0.908929 0.167513 0.003571 0.010152
0 0.902857 0.175127 0.004286 0.007614
0 0.903571 0.170051 0.002857 0.010152
