0 0.287143 0.033333 0.004286 0.013333
0 0.289286 0.034286 0.004286 0.013333
0 0.273571 0.113810 0.005714 0.016190
0 0.271429 0.142857 0.005714 0.017143
0 0.367500 0.329048 0.009286 0.029524
0 0.357857 0.361429 0.011429 0.031429
0 0.345357 0.360952 0.009286 0.030476
0 0.459643 0.209048 0.006429 0.023810
0 0.450000 0.184762 0.005714 0.019048
0 0.469643 0.195238 0.005000 0.017143
0 0.475357 0.193810 0.006429 0.020000
0 0.467500 0.173333 0.005000 0.017143
0 0.510357 0.129048 0.005000 0.018095
0 0.516429 0.131905 0.005714 0.018095
0 0.558571 0.127143 0.004286 0.018095
0 0.486429 0.086190 0.004286 0.014286
0 0.641786 0.198571 0.006429 0.021905
0 0.394643 0.023810 0.003571 0.013333
0 0.598214 0.277143 0.007857 0.026667
0 0.429643 0.792381 0.019286 0.043810
