0 0.440000 0.037143 0.011429 0.032381
0 0.765714 0.413810 0.014286 0.027619
0 0.691071 0.283333 0.015000 0.037143
0 0.775357 0.153810 0.013571 0.037143
0 0.673214 0.459524 0.013571 0.021905
0 0.679286 0.597619 0.017143 0.023810
0 0.688929 0.667143 0.017857 0.021905
0 0.539643 0.529524 0.012143 0.022857
0 0.417143 0.723333 0.017143 0.018095
0 0.374643 0.602381 0.016429 0.016190
0 0.289643 0.590476 0.016429 0.019048
0 0.339286 0.586190 0.024286 0.031429
0 0.309643 0.533810 0.017857 0.018095
0 0.311429 0.495714 0.014286 0.025714
0 0.302857 0.506190 0.020000 0.023810
0 0.318929 0.490476 0.012143 0.022857
0 0.523214 0.545714 0.013571 0.022857
0 0.526429 0.530476 0.010000 0.022857
0 0.265000 0.772857 0.018571 0.021905
0 0.306071 0.673333 0.016429 0.019048
0 0.266429 0.704286 0.017143 0.021905
0 0.290000 0.732857 0.015714 0.016190
0 0.305357 0.698095 0.017857 0.026667
0 0.292143 0.690000 0.010000 0.018095
0 0.190000 0.586667 0.018571 0.017143
0 0.208214 0.612381 0.017857 0.020952
0 0.249643 0.563810 0.022143 0.017143
0 0.220000 0.560000 0.017143 0.020952
0 0.202857 0.556667 0.020000 0.016190
