0 0.349286 0.201429 0.004286 0.014286
0 0.305000 0.632857 0.008571 0.012381
0 0.383929 0.090476 0.002143 0.009524
0 0.378571 0.098571 0.001429 0.006667
0 0.388929 0.097619 0.002143 0.006667
0 0.392500 0.098571 0.002143 0.006667
0 0.436071 0.081905 0.002143 0.005714
0 0.430357 0.086667 0.002143 0.005714
0 0.378214 0.140952 0.003571 0.011429
0 0.360714 0.114762 0.002857 0.008571
0 0.396786 0.670000 0.012143 0.035238
0 0.387857 0.656667 0.010000 0.037143
0 0.950000 0.694762 0.015714 0.035238
0 0.970714 0.717143 0.014286 0.030476
0 0.966071 0.708571 0.015000 0.034286
0 0.407500 0.262857 0.006429 0.011429
0 0.387857 0.276667 0.004286 0.010476
0 0.382857 0.586190 0.007143 0.018095
0 0.430714 0.137143 0.002857 0.005714
0 0.409643 0.241429 0.003571 0.008571
