0 0.034286 0.330584 0.010000 0.031726
0 0.034643 0.323604 0.007857 0.020305
0 0.016786 0.552030 0.017857 0.048223
0 0.005357 0.557107 0.010714 0.040609
0 0.062500 0.685914 0.010714 0.039340
0 0.096786 0.750000 0.009286 0.032995
0 0.100714 0.873096 0.011429 0.032995
0 0.108571 0.875000 0.008571 0.026650
0 0.115000 0.860406 0.011429 0.032995
0 0.176071 0.956218 0.012143 0.039340
0 0.167500 0.974619 0.012143 0.035533
0 0.302143 0.276015 0.007143 0.029188
0 0.306429 0.274112 0.007143 0.030457
0 0.350357 0.135787 0.006429 0.020305
0 0.367143 0.129442 0.004286 0.020305
0 0.411071 0.099619 0.003571 0.019036
0 0.416071 0.100254 0.003571 0.017766
