0 0.064643 0.468571 0.005000 0.020952
0 0.124643 0.488095 0.006429 0.025714
0 0.161786 0.447619 0.005000 0.019048
0 0.150357 0.580000 0.007857 0.028571
0 0.083571 0.652857 0.007143 0.039048
0 0.038214 0.601429 0.007857 0.035238
0 0.124643 0.897143 0.007857 0.028571
0 0.129286 0.924762 0.008571 0.028571
0 0.207500 0.514286 0.005000 0.020952
0 0.251429 0.436667 0.008571 0.027619
0 0.262857 0.463333 0.014286 0.029524
0 0.288571 0.429524 0.004286 0.011429
0 0.284286 0.390000 0.007143 0.020000
0 0.277143 0.387143 0.005714 0.020000
0 0.272857 0.355238 0.004286 0.009524
0 0.316786 0.334762 0.003571 0.016190
0 0.313214 0.331429 0.003571 0.017143
0 0.315357 0.172381 0.003571 0.013333
0 0.439643 0.208095 0.002143 0.008571
0 0.415714 0.190952 0.002857 0.010476
0 0.410357 0.190000 0.002143 0.012381
0 0.361071 0.352381 0.003571 0.011429
0 0.341071 0.371429 0.003571 0.011429
0 0.375357 0.452857 0.003571 0.010476
0 0.385000 0.448571 0.004286 0.011429
0 0.341071 0.560952 0.005000 0.019048
0 0.500714 0.337143 0.004286 0.011429
0 0.401786 0.309524 0.003571 0.011429
0 0.505714 0.214286 0.004286 0.013333
0 0.499643 0.206667 0.002143 0.007619
0 0.490714 0.218571 0.002857 0.008571
0 0.668571 0.209048 0.004286 0.008571
0 0.033214 0.648571 0.010714 0.040000
