0 0.733190 0.868321 0.032904 0.020992
0 0.722103 0.846374 0.039342 0.030534
0 0.699213 0.499523 0.025036 0.037214
0 0.487124 0.425095 0.020029 0.039122
0 0.420959 0.595897 0.023605 0.041031
0 0.434549 0.567271 0.017883 0.039122
0 0.549714 0.326813 0.015021 0.042939
0 0.836910 0.275763 0.014306 0.028626
0 0.593705 0.333015 0.015737 0.030534
0 0.610515 0.273378 0.012160 0.042939
0 0.560086 0.145038 0.015737 0.038168
0 0.577969 0.168416 0.012876 0.035305
0 0.575823 0.148378 0.015737 0.037214
0 0.595851 0.164122 0.017167 0.040076
0 0.523247 0.125000 0.010730 0.041985
0 0.542918 0.154103 0.011445 0.042939
0 0.429542 0.745229 0.019313 0.032443
0 0.434907 0.727099 0.022890 0.024809
0 0.096209 0.180344 0.016452 0.024809
0 0.455293 0.064408 0.017883 0.042939
0 0.519313 0.023855 0.008584 0.036260
0 0.535408 0.013359 0.013591 0.026718
0 0.483548 0.015744 0.010014 0.031489
