0 0.387143 0.238579 0.002857 0.010152
0 0.354643 0.299492 0.002143 0.010152
0 0.358571 0.297589 0.002857 0.008883
0 0.360714 0.298858 0.002857 0.011421
0 0.364286 0.300127 0.002857 0.011421
0 0.347500 0.329315 0.003571 0.013959
0 0.352500 0.328680 0.002143 0.010152
0 0.357500 0.326777 0.003571 0.013959
0 0.362500 0.326142 0.005000 0.012690
0 0.366786 0.325508 0.003571 0.011421
0 0.388571 0.320431 0.002857 0.013959
0 0.386429 0.321701 0.002857 0.013959
0 0.401786 0.316624 0.005000 0.011421
0 0.355000 0.447335 0.002857 0.016497
0 0.367857 0.470812 0.004286 0.015228
0 0.373929 0.456853 0.003571 0.012690
0 0.331786 0.535533 0.003571 0.020305
0 0.331429 0.562817 0.004286 0.019036
0 0.307500 0.532360 0.003571 0.016497
0 0.333929 0.640863 0.005000 0.022843
0 0.331786 0.689721 0.005000 0.021574
0 0.252143 0.926396 0.007143 0.027919
0 0.271786 0.921954 0.006429 0.024112
0 0.648571 0.321701 0.002857 0.011421
0 0.663214 0.317893 0.003571 0.013959
0 0.718214 0.189086 0.002143 0.010152
0 0.736429 0.179569 0.001429 0.008883
0 0.992143 0.210660 0.002857 0.010152
