0 0.237143 0.296190 0.012857 0.017143
0 0.233929 0.286667 0.010714 0.017143
0 0.196071 0.235714 0.010714 0.018095
0 0.464286 0.162857 0.007143 0.019048
0 0.572143 0.648571 0.011429 0.017143
0 0.646429 0.699524 0.012857 0.012381
0 0.694643 0.480476 0.009286 0.016190
0 0.792500 0.799524 0.015000 0.016190
0 0.817143 0.910476 0.008571 0.007619
0 0.850357 0.908571 0.017857 0.017143
0 0.760714 0.388095 0.010000 0.016190
0 0.794286 0.265714 0.011429 0.022857
0 0.728571 0.067619 0.008571 0.019048
0 0.737143 0.083333 0.007143 0.018095
0 0.696071 0.208095 0.009286 0.018095
0 0.672500 0.317143 0.010714 0.022857
