0 0.208214 0.011421 0.006429 0.015228
0 0.211429 0.007614 0.005714 0.015228
0 0.255714 0.044416 0.004286 0.015228
0 0.310357 0.072970 0.005000 0.016497
0 0.278214 0.052030 0.005000 0.015228
0 0.279643 0.050127 0.005000 0.016497
0 0.391071 0.144036 0.003571 0.013959
0 0.387857 0.144036 0.002857 0.016497
0 0.385357 0.132614 0.005000 0.016497
0 0.391071 0.140228 0.005000 0.016497
0 0.729286 0.245558 0.005714 0.019036
0 0.701071 0.223350 0.003571 0.015228
0 0.705714 0.228426 0.002857 0.010152
0 0.700357 0.234137 0.005000 0.013959
0 0.706071 0.213832 0.005000 0.013959
0 0.715000 0.228426 0.005714 0.015228
0 0.711071 0.329949 0.005000 0.012690
0 0.909286 0.240482 0.004286 0.013959
0 0.906071 0.236675 0.005000 0.016497
0 0.818929 0.276015 0.005000 0.011421
0 0.818571 0.272843 0.004286 0.015228
0 0.217500 0.336929 0.006429 0.013959
0 0.203571 0.347716 0.002857 0.010152
0 0.214286 0.336294 0.005714 0.015228
0 0.206071 0.344543 0.005000 0.019036
