0 0.147500 0.179569 0.013571 0.029188
0 0.140000 0.189721 0.015714 0.031726
0 0.126071 0.200508 0.010714 0.027919
0 0.127143 0.190355 0.011429 0.030457
0 0.355357 0.274746 0.006429 0.026650
0 0.369643 0.293782 0.009286 0.024112
0 0.430714 0.373731 0.010000 0.026650
0 0.202500 0.541878 0.013571 0.025381
0 0.320357 0.554569 0.009286 0.017766
0 0.446786 0.261421 0.009286 0.022843
0 0.471786 0.298223 0.007857 0.022843
0 0.581786 0.629442 0.009286 0.022843
0 0.398214 0.798223 0.007857 0.022843
0 0.880357 0.956853 0.016429 0.025381
0 0.940000 0.909264 0.020000 0.029188
0 0.089643 0.925127 0.019286 0.022843
