0 0.560357 0.135714 0.006429 0.025714
0 0.553929 0.137143 0.007857 0.024762
0 0.472143 0.190952 0.007143 0.029524
0 0.470714 0.074286 0.005714 0.020952
0 0.479286 0.072857 0.005714 0.020000
0 0.560000 0.050476 0.007143 0.020952
0 0.707143 0.046667 0.005714 0.017143
0 0.675714 0.045238 0.007143 0.020000
0 0.631429 0.419048 0.011429 0.032381
0 0.601786 0.413810 0.010714 0.035238
0 0.452500 0.447143 0.010714 0.037143
0 0.412500 0.340476 0.010714 0.035238
0 0.651786 0.006667 0.005000 0.013333
0 0.644286 0.006190 0.005714 0.012381
0 0.643571 0.837143 0.018571 0.051429
