0 0.228214 0.032995 0.017857 0.027919
0 0.277500 0.045051 0.012143 0.026650
0 0.393929 0.012690 0.010714 0.020305
0 0.400357 0.027919 0.010714 0.025381
0 0.431786 0.164975 0.015000 0.032995
0 0.163214 0.532360 0.013571 0.019036
0 0.821429 0.315355 0.011429 0.013959
0 0.812857 0.317893 0.007143 0.013959
0 0.945357 0.225254 0.013571 0.019036
0 0.940357 0.104695 0.020714 0.024112
0 0.960000 0.213832 0.011429 0.016497
0 0.835714 0.715102 0.015714 0.019036
0 0.842857 0.696066 0.015714 0.021574
0 0.631786 0.317893 0.012143 0.024112
0 0.310357 0.659264 0.010714 0.016497
0 0.288929 0.635152 0.013571 0.011421
0 0.123571 0.885152 0.015714 0.019036
0 0.113571 0.875635 0.015714 0.027919
0 0.100714 0.821066 0.020000 0.017766
0 0.052857 0.867386 0.027143 0.024112
0 0.050000 0.937183 0.024286 0.016497
0 0.035357 0.930838 0.015000 0.024112
0 0.058214 0.771574 0.017857 0.017766
