0 0.443571 0.764286 0.020000 0.052381
0 0.427857 0.427619 0.017143 0.040000
0 0.394286 0.430000 0.015714 0.042857
0 0.764286 0.631905 0.017143 0.050476
0 0.828571 0.482857 0.014286 0.041905
0 0.859286 0.472381 0.020000 0.041905
0 0.842500 0.463810 0.013571 0.041905
0 0.952143 0.386667 0.012857 0.030476
0 0.891071 0.228571 0.003571 0.017143
0 0.883929 0.227619 0.006429 0.015238
0 0.898214 0.199524 0.005000 0.012381
0 0.906071 0.201429 0.002143 0.014286
0 0.903929 0.198095 0.005000 0.015238
0 0.849286 0.255714 0.008571 0.016190
