0 0.268929 0.141497 0.006429 0.021574
0 0.256429 0.113579 0.005714 0.016497
0 0.283929 0.059645 0.006429 0.022843
0 0.290000 0.052030 0.005714 0.025381
0 0.258571 0.064721 0.008571 0.027919
0 0.272857 0.047589 0.005714 0.021574
0 0.284286 0.024112 0.005714 0.022843
0 0.270000 0.026015 0.007143 0.019036
0 0.263571 0.043147 0.007143 0.022843
0 0.665000 0.094543 0.007143 0.024112
0 0.696429 0.484137 0.008571 0.021574
0 0.700000 0.584391 0.007143 0.024112
0 0.732143 0.689086 0.007143 0.027919
0 0.815714 0.909264 0.012857 0.034264
0 0.250357 0.103426 0.006429 0.016497
0 0.243214 0.138325 0.006429 0.015228
0 0.241786 0.125635 0.007857 0.017766
0 0.295714 0.031726 0.005714 0.022843
0 0.293214 0.034264 0.006429 0.017766
0 0.691786 0.585025 0.007857 0.022843
0 0.670714 0.373096 0.005714 0.025381
0 0.649643 0.317893 0.005000 0.024112
0 0.644286 0.320431 0.005714 0.026650
0 0.647143 0.299492 0.005714 0.025381
0 0.847500 0.138959 0.007857 0.026650
0 0.829643 0.256980 0.006429 0.029188
0 0.823214 0.259518 0.006429 0.021574
0 0.628571 0.177030 0.005714 0.019036
0 0.624286 0.177665 0.004286 0.010152
0 0.695357 0.476523 0.009286 0.021574
