0 0.451500 0.176667 0.007000 0.021333
0 0.447250 0.154667 0.005500 0.018667
0 0.494500 0.162667 0.006000 0.021333
0 0.504750 0.166000 0.007500 0.022667
0 0.503250 0.163000 0.004500 0.019333
0 0.542250 0.196333 0.007500 0.022000
0 0.414500 0.112667 0.005000 0.008000
0 0.403750 0.051667 0.002500 0.008667
0 0.405750 0.051000 0.002500 0.010000
0 0.700250 0.159667 0.005500 0.019333
0 0.675750 0.139000 0.004500 0.018000
0 0.679500 0.139000 0.004000 0.015333
0 0.479750 0.079000 0.003500 0.008667
0 0.546250 0.089667 0.003500 0.010000
0 0.869500 0.167333 0.007000 0.021333
0 0.673500 0.111333 0.005000 0.016000
0 0.603000 0.112333 0.004000 0.015333
0 0.529250 0.064333 0.002500 0.007333
0 0.547250 0.056667 0.002500 0.009333
