0 0.215357 0.560952 0.007857 0.022857
0 0.226429 0.556190 0.008571 0.020952
0 0.220357 0.502381 0.007857 0.023810
0 0.200357 0.472381 0.007857 0.020952
0 0.198571 0.358571 0.007143 0.016190
0 0.637857 0.747143 0.007143 0.023810
0 0.616786 0.718571 0.007857 0.025714
0 0.526071 0.688571 0.012143 0.026667
0 0.565357 0.615714 0.009286 0.016190
0 0.648571 0.569048 0.007143 0.014286
0 0.649643 0.564286 0.009286 0.016190
0 0.654643 0.490476 0.007857 0.019048
0 0.565357 0.473810 0.003571 0.012381
0 0.565000 0.471429 0.007143 0.011429
0 0.396429 0.533810 0.011429 0.012381
0 0.463214 0.545238 0.009286 0.020000
0 0.550000 0.315238 0.004286 0.011429
0 0.576786 0.296190 0.005000 0.011429
0 0.565000 0.272857 0.005714 0.014286
0 0.600357 0.227619 0.005000 0.007619
0 0.570357 0.225238 0.005000 0.014286
0 0.590714 0.219524 0.004286 0.014286
0 0.559286 0.192381 0.004286 0.013333
0 0.677500 0.216667 0.003571 0.012381
0 0.678214 0.207619 0.003571 0.013333
