0 0.220714 0.741117 0.008571 0.025381
0 0.268571 0.472081 0.004286 0.022843
0 0.136786 0.578680 0.007857 0.027919
0 0.133571 0.489848 0.007143 0.025381
0 0.152143 0.477792 0.007143 0.021574
0 0.140000 0.413071 0.008571 0.021574
0 0.146429 0.414340 0.004286 0.016497
0 0.252857 0.353426 0.005714 0.021574
0 0.204643 0.324239 0.005000 0.021574
0 0.223571 0.332487 0.004286 0.012690
0 0.289286 0.296320 0.004286 0.019036
0 0.293929 0.296320 0.005000 0.021574
0 0.298929 0.257614 0.003571 0.017766
0 0.296071 0.212563 0.005000 0.019036
0 0.296786 0.213198 0.003571 0.017766
0 0.256429 0.010787 0.004286 0.016497
0 0.236071 0.010152 0.032143 0.020305
0 0.260357 0.013325 0.003571 0.013959
0 0.265000 0.019036 0.002857 0.012690
0 0.266786 0.014594 0.002143 0.013959
0 0.269643 0.020305 0.002143 0.015228
0 0.280714 0.052030 0.002857 0.015228
0 0.284286 0.049492 0.002857 0.012690
0 0.266786 0.053934 0.005000 0.011421
0 0.258214 0.057107 0.005000 0.015228
0 0.629643 0.006980 0.003571 0.013959
