0 0.266429 0.376904 0.004286 0.017766
0 0.391071 0.276650 0.002143 0.015228
0 0.465714 0.611675 0.004286 0.022843
0 0.205357 0.664340 0.005000 0.019036
0 0.173214 0.920051 0.006429 0.025381
0 0.781071 0.979061 0.007857 0.024112
0 0.580000 0.810914 0.005714 0.022843
0 0.573214 0.766497 0.006429 0.025381
0 0.578929 0.758249 0.005000 0.026650
0 0.610000 0.717640 0.008571 0.024112
0 0.676071 0.702411 0.006429 0.024112
0 0.978214 0.872462 0.007857 0.024112
0 0.985000 0.878807 0.010000 0.026650
0 0.812857 0.697970 0.005714 0.020305
0 0.739286 0.687817 0.005714 0.020305
