0 0.233571 0.164762 0.022857 0.043810
0 0.079643 0.311905 0.020714 0.033333
0 0.184286 0.504762 0.025714 0.064762
0 0.647143 0.095238 0.008571 0.028571
0 0.649643 0.106667 0.006429 0.020952
0 0.666071 0.123810 0.009286 0.015238
0 0.708214 0.158571 0.010714 0.040952
0 0.716071 0.162857 0.010714 0.030476
0 0.743929 0.160476 0.015000 0.044762
0 0.764643 0.240000 0.013571 0.043810
0 0.755714 0.235714 0.014286 0.042857
0 0.783571 0.132381 0.014286 0.040000
0 0.801429 0.145714 0.014286 0.040000
0 0.881071 0.165238 0.015000 0.044762
0 0.896786 0.169048 0.016429 0.039048
0 0.968214 0.126190 0.020714 0.033333
0 0.721429 0.411429 0.020000 0.047619
0 0.945357 0.537143 0.025000 0.059048
0 0.976786 0.535714 0.023571 0.073333
