0 0.339000 0.477000 0.004000 0.015333
0 0.409750 0.408667 0.005500 0.013333
0 0.424500 0.491333 0.005000 0.017333
0 0.102500 0.109000 0.002000 0.008667
0 0.102500 0.100667 0.002000 0.008000
0 0.120750 0.096000 0.002500 0.008000
0 0.116000 0.097333 0.002000 0.008000
0 0.113750 0.098333 0.002500 0.008667
0 0.105750 0.108333 0.002500 0.008667
0 0.107750 0.108000 0.002500 0.008000
0 0.107250 0.100667 0.002500 0.009333
0 0.110250 0.098333 0.002500 0.007333
0 0.114250 0.104000 0.002500 0.010667
0 0.117000 0.105000 0.002000 0.008667
0 0.120250 0.103667 0.002500 0.010000
0 0.123000 0.103667 0.002000 0.007333
0 0.128000 0.103333 0.002000 0.006667
0 0.129500 0.102000 0.002000 0.006667
0 0.132000 0.102000 0.002000 0.008000
