0 0.412500 0.499048 0.009286 0.022857
0 0.401429 0.516667 0.010000 0.027619
0 0.362143 0.518095 0.014286 0.022857
0 0.400357 0.431429 0.006429 0.019048
0 0.435000 0.414762 0.004286 0.014286
0 0.460714 0.473333 0.008571 0.017143
0 0.453929 0.401905 0.005000 0.015238
0 0.483214 0.386190 0.005000 0.016190
0 0.486071 0.384762 0.003571 0.013333
0 0.470714 0.407619 0.007143 0.019048
0 0.566786 0.342857 0.003571 0.011429
0 0.546071 0.346667 0.005000 0.013333
0 0.716786 0.473810 0.010714 0.027619
0 0.622500 0.457143 0.007857 0.017143
0 0.475357 0.455714 0.007857 0.020000
0 0.478214 0.481429 0.006429 0.018095
