0 0.078929 0.827143 0.032143 0.065714
0 0.149286 0.646190 0.022857 0.046667
0 0.229643 0.580000 0.016429 0.045714
0 0.638929 0.809524 0.015000 0.053333
0 0.970357 0.925714 0.037857 0.066667
0 0.733214 0.761429 0.020714 0.052381
0 0.301786 0.332857 0.010714 0.027619
0 0.311071 0.329524 0.009286 0.030476
0 0.788214 0.250000 0.007857 0.023810
0 0.811429 0.266667 0.010000 0.028571
0 0.832500 0.277619 0.007857 0.025714
0 0.404286 0.273810 0.007143 0.025714
0 0.397500 0.251905 0.005000 0.021905
0 0.396786 0.274762 0.007857 0.016190
0 0.555000 0.174286 0.005714 0.013333
0 0.545000 0.180952 0.004286 0.011429
0 0.773571 0.160952 0.005714 0.019048
0 0.766429 0.269048 0.008571 0.021905
0 0.836786 0.270000 0.007857 0.023810
