0 0.270357 0.635238 0.030714 0.066667
0 0.348929 0.681905 0.026429 0.074286
0 0.369286 0.692857 0.021429 0.073333
0 0.313214 0.700952 0.029286 0.083810
0 0.297143 0.712381 0.022857 0.060952
0 0.974643 0.533333 0.023571 0.051429
0 0.156429 0.410000 0.021429 0.050476
0 0.172857 0.407143 0.021429 0.048571
0 0.231071 0.205238 0.009286 0.023810
0 0.232500 0.197619 0.003571 0.016190
0 0.236071 0.202381 0.006429 0.014286
0 0.214286 0.284286 0.012857 0.035238
0 0.216071 0.217143 0.006429 0.020952
0 0.197500 0.292857 0.015000 0.037143
0 0.014643 0.422381 0.022143 0.050476
0 0.029643 0.524762 0.022143 0.055238
0 0.499286 0.450476 0.025714 0.060952
0 0.495714 0.450000 0.014286 0.037143
0 0.372143 0.802857 0.030000 0.078095
0 0.531786 0.572381 0.025000 0.059048
0 0.777857 0.535714 0.021429 0.050476
