0 0.350000 0.980476 0.018571 0.039048
0 0.442857 0.988571 0.018571 0.022857
0 0.437857 0.947143 0.017143 0.065714
0 0.427500 0.906190 0.023571 0.069524
0 0.338571 0.938571 0.020000 0.061905
0 0.508571 0.481429 0.008571 0.031429
0 0.530357 0.491905 0.006429 0.031429
0 0.538929 0.496190 0.007857 0.036190
0 0.565000 0.494286 0.008571 0.036190
0 0.578214 0.494762 0.007857 0.031429
0 0.585714 0.491905 0.007143 0.025714
0 0.564643 0.486190 0.007857 0.031429
0 0.538571 0.479524 0.007143 0.031429
0 0.552500 0.480952 0.005000 0.032381
0 0.546071 0.470000 0.006429 0.033333
0 0.551071 0.471905 0.006429 0.031429
0 0.567500 0.453810 0.005000 0.031429
0 0.560357 0.458095 0.007857 0.030476
0 0.557857 0.450952 0.005714 0.031429
0 0.576786 0.460952 0.005000 0.030476
0 0.575714 0.450476 0.005714 0.032381
0 0.586786 0.462857 0.006429 0.030476
0 0.749643 0.978571 0.022143 0.042857
