0 0.203549 0.736549 0.018789 0.050093
0 0.527140 0.284323 0.007307 0.032468
0 0.529489 0.275046 0.009916 0.030612
0 0.599948 0.753247 0.012004 0.050093
0 0.615344 0.846939 0.018789 0.033395
0 0.756263 0.758813 0.009395 0.050093
0 0.760177 0.757885 0.009916 0.029685
0 0.567589 0.542672 0.010960 0.024119
0 0.566806 0.534787 0.011482 0.030612
0 0.594729 0.250928 0.005741 0.028757
0 0.571503 0.182282 0.008351 0.017625
0 0.520094 0.177644 0.006785 0.028757
0 0.604384 0.140538 0.006263 0.028757
0 0.625000 0.146104 0.005741 0.025046
0 0.590553 0.133117 0.026618 0.038033
0 0.563413 0.094620 0.006785 0.024119
0 0.499478 0.081633 0.005219 0.024119
0 0.469729 0.127551 0.004175 0.015770
0 0.448330 0.104824 0.005219 0.025974
0 0.584551 0.068182 0.005219 0.023191
0 0.590031 0.071429 0.005741 0.024119
0 0.581942 0.048237 0.005219 0.024119
0 0.482255 0.056586 0.007307 0.025974
0 0.553497 0.032004 0.005741 0.025046
0 0.599165 0.034787 0.005219 0.023191
0 0.559238 0.025046 0.004697 0.020408
