0 0.194643 0.655238 0.027857 0.116190
0 0.218571 0.573810 0.034286 0.098095
0 0.253571 0.592381 0.027143 0.095238
0 0.181429 0.515714 0.028571 0.075238
0 0.131429 0.653333 0.034286 0.121905
0 0.178929 0.458095 0.019286 0.064762
0 0.171786 0.430000 0.016429 0.063810
0 0.193214 0.432381 0.015000 0.064762
0 0.266429 0.508571 0.024286 0.076190
0 0.271786 0.481429 0.027857 0.077143
0 0.309643 0.510952 0.016429 0.075238
0 0.342500 0.431905 0.019286 0.060000
0 0.309286 0.444286 0.012857 0.061905
0 0.292500 0.462381 0.023571 0.071429
0 0.263214 0.434762 0.013571 0.054286
0 0.280000 0.419048 0.024286 0.062857
0 0.291071 0.405714 0.012143 0.055238
0 0.264286 0.406190 0.014286 0.054286
0 0.255000 0.250476 0.008571 0.017143
0 0.289286 0.225238 0.004286 0.012381
