0 0.218946 0.712894 0.008873 0.043599
0 0.103601 0.718460 0.013048 0.045455
0 0.092641 0.716141 0.010960 0.046382
0 0.159708 0.707328 0.008351 0.043599
0 0.140919 0.714286 0.007307 0.044527
0 0.268267 0.599722 0.008351 0.034323
0 0.479906 0.623840 0.008873 0.034323
0 0.487735 0.632653 0.006785 0.031540
0 0.492432 0.630798 0.005741 0.035250
0 0.367432 0.566790 0.006263 0.029685
0 0.383090 0.562152 0.005219 0.027829
0 0.390136 0.547774 0.007829 0.025046
0 0.383873 0.545455 0.005741 0.029685
0 0.350470 0.574675 0.008873 0.030612
0 0.127349 0.822356 0.016701 0.052876
0 0.129175 0.813544 0.017223 0.050093
0 0.118737 0.803340 0.010960 0.050093
0 0.121086 0.794063 0.010438 0.055659
0 0.012265 0.794991 0.007829 0.053803
0 0.005480 0.789425 0.009916 0.046382
