0 0.739000 0.653667 0.021000 0.060667
0 0.654250 0.666333 0.017500 0.056667
0 0.703250 0.688667 0.019500 0.033333
0 0.633000 0.709333 0.016000 0.054667
0 0.623000 0.749333 0.017000 0.048000
0 0.622250 0.730667 0.008500 0.018667
0 0.618500 0.723000 0.009000 0.026000
0 0.607500 0.715000 0.013000 0.047333
0 0.639500 0.431667 0.014000 0.040667
0 0.630250 0.394000 0.011500 0.036000
0 0.624000 0.371667 0.008000 0.031333
0 0.602000 0.367000 0.011000 0.031333
0 0.740750 0.304333 0.009500 0.016667
0 0.465250 0.393667 0.006500 0.022000
0 0.471000 0.395667 0.007000 0.023333
0 0.415750 0.372667 0.009500 0.038667
0 0.398250 0.366333 0.010500 0.036667
0 0.407250 0.362667 0.008500 0.033333
0 0.415750 0.355667 0.009500 0.028667
0 0.373500 0.478667 0.013000 0.040000
