0 0.291071 0.527619 0.009286 0.034286
0 0.162857 0.590952 0.011429 0.027619
0 0.162857 0.740476 0.020000 0.031429
0 0.392857 0.009048 0.004286 0.014286
0 0.381071 0.009524 0.005000 0.015238
0 0.420000 0.080952 0.007143 0.022857
0 0.412857 0.085714 0.004286 0.022857
0 0.459286 0.085238 0.005714 0.023810
0 0.500357 0.212857 0.003571 0.021905
0 0.478929 0.194762 0.007857 0.020000
0 0.400714 0.008095 0.004286 0.012381
0 0.578571 0.472381 0.010000 0.036190
0 0.590714 0.455238 0.008571 0.032381
0 0.563214 0.599524 0.005000 0.023810
0 0.576786 0.620000 0.005000 0.030476
0 0.699286 0.864286 0.010000 0.040952
0 0.716786 0.867619 0.010714 0.047619
0 0.696786 0.601429 0.006429 0.021905
