0 0.719643 0.524286 0.015000 0.042857
0 0.952500 0.973810 0.022143 0.029524
0 0.906429 0.909048 0.025714 0.031429
0 0.859286 0.443810 0.014286 0.026667
0 0.831429 0.373333 0.015714 0.030476
0 0.735357 0.314762 0.013571 0.031429
0 0.746071 0.321429 0.013571 0.031429
0 0.760000 0.327619 0.014286 0.032381
0 0.771071 0.327143 0.012143 0.029524
0 0.773571 0.146667 0.012857 0.041905
0 0.860000 0.126190 0.011429 0.031429
0 0.802500 0.062857 0.010714 0.024762
0 0.760000 0.058571 0.010000 0.023810
0 0.856071 0.043333 0.012143 0.029524
0 0.859286 0.018095 0.012857 0.026667
