0 0.306786 0.258883 0.003571 0.010152
0 0.179286 0.451777 0.004286 0.010152
0 0.175714 0.453680 0.004286 0.008883
0 0.036429 0.388325 0.004286 0.007614
0 0.355714 0.199239 0.004286 0.007614
0 0.316429 0.840736 0.004286 0.011421
0 0.427500 0.509518 0.002143 0.008883
0 0.556071 0.375635 0.002143 0.007614
0 0.428571 0.486675 0.002857 0.006345
0 0.463214 0.500635 0.002143 0.006345
0 0.472857 0.493020 0.002857 0.008883
0 0.469643 0.482234 0.002143 0.007614
0 0.471429 0.505711 0.002857 0.008883
0 0.460714 0.505076 0.002857 0.010152
0 0.478571 0.493020 0.002857 0.008883
0 0.476786 0.481599 0.002143 0.008883
0 0.472500 0.478426 0.003571 0.007614
0 0.483571 0.484137 0.002857 0.008883
0 0.512143 0.540609 0.002857 0.007614
0 0.939643 0.404188 0.005000 0.008883
