0 0.061071 0.387619 0.015000 0.028571
0 0.521429 0.078095 0.008571 0.028571
0 0.638571 0.282381 0.010000 0.033333
0 0.884286 0.841429 0.018571 0.016190
0 0.849643 0.842857 0.016429 0.013333
0 0.813929 0.419048 0.009286 0.020952
0 0.762857 0.329524 0.014286 0.020952
0 0.829643 0.511905 0.010714 0.023810
0 0.736071 0.312857 0.010714 0.020000
0 0.746429 0.308571 0.010000 0.030476
0 0.035357 0.098095 0.017857 0.020952
0 0.036786 0.075238 0.017857 0.024762
0 0.517857 0.052381 0.005714 0.024762
0 0.522143 0.050952 0.005714 0.025714
0 0.591429 0.015714 0.007143 0.025714
0 0.670714 0.212857 0.010000 0.029524
0 0.770357 0.367619 0.010714 0.022857
0 0.793929 0.260000 0.009286 0.017143
