0 0.193929 0.127619 0.015000 0.024762
0 0.238571 0.150000 0.015714 0.023810
0 0.320714 0.175714 0.014286 0.025714
0 0.281786 0.249048 0.013571 0.025714
0 0.281786 0.202381 0.010714 0.020000
0 0.275714 0.196190 0.008571 0.017143
0 0.291071 0.561905 0.012143 0.011429
0 0.175357 0.641429 0.016429 0.018095
0 0.238571 0.678095 0.015714 0.015238
0 0.284286 0.688571 0.012857 0.013333
0 0.273929 0.683333 0.012143 0.016190
0 0.228929 0.635714 0.020714 0.014286
0 0.541429 0.717143 0.007143 0.013333
0 0.538929 0.698571 0.007857 0.012381
0 0.494643 0.271429 0.007857 0.022857
0 0.498929 0.262381 0.005000 0.010476
0 0.477143 0.230000 0.015714 0.025714
0 0.319643 0.240476 0.012143 0.021905
0 0.318571 0.214762 0.011429 0.021905
0 0.382143 0.150000 0.008571 0.023810
