0 0.335357 0.909524 0.030714 0.104762
0 0.237500 0.762381 0.009286 0.073333
0 0.250000 0.768571 0.012857 0.072381
0 0.281071 0.705238 0.017857 0.060000
0 0.091786 0.785714 0.025000 0.076190
0 0.064286 0.800952 0.020000 0.083810
0 0.360714 0.630476 0.010000 0.036190
0 0.391429 0.637619 0.008571 0.035238
0 0.410000 0.605238 0.007143 0.027619
0 0.426071 0.608095 0.006429 0.021905
0 0.266786 0.603810 0.009286 0.024762
0 0.253571 0.600476 0.005714 0.027619
0 0.290000 0.580952 0.005714 0.022857
0 0.325714 0.559524 0.002857 0.014286
0 0.331429 0.560000 0.004286 0.015238
0 0.586071 0.608095 0.006429 0.029524
0 0.608929 0.566190 0.005000 0.010476
0 0.473571 0.555714 0.004286 0.014286
0 0.468214 0.550000 0.002143 0.014286
0 0.478929 0.548571 0.003571 0.011429
0 0.482500 0.552857 0.003571 0.014286
0 0.487143 0.552381 0.002857 0.013333
0 0.502500 0.557619 0.003571 0.012381
0 0.507500 0.556667 0.003571 0.012381
0 0.633571 0.530952 0.002857 0.008571
0 0.637143 0.527619 0.002857 0.007619
0 0.641429 0.525238 0.001429 0.006667
0 0.690357 0.530000 0.002143 0.008571
0 0.697857 0.537143 0.002857 0.007619
0 0.699286 0.531905 0.002857 0.008571
0 0.734286 0.559048 0.004286 0.013333
0 0.782500 0.557619 0.005000 0.014286
0 0.861071 0.591905 0.007857 0.016190
0 0.951429 0.644762 0.012857 0.040000
