0 0.629828 0.880725 0.015021 0.047710
0 0.942418 0.780057 0.023605 0.044847
0 0.912732 0.426527 0.014306 0.032443
0 0.912732 0.720897 0.021459 0.046756
0 0.432403 0.953244 0.022175 0.047710
0 0.553648 0.493321 0.014306 0.040076
0 0.388412 0.884542 0.017167 0.053435
0 0.421316 0.893130 0.017167 0.047710
0 0.413805 0.867366 0.017883 0.038168
0 0.418097 0.843511 0.013591 0.041985
0 0.378755 0.849237 0.022175 0.038168
0 0.404506 0.722328 0.020744 0.043893
0 0.434192 0.654103 0.017167 0.046756
0 0.408083 0.503340 0.015021 0.033397
0 0.505007 0.438931 0.008584 0.020992
0 0.491774 0.441794 0.010730 0.020992
0 0.512160 0.339695 0.007153 0.028626
0 0.530401 0.319656 0.009299 0.030534
0 0.536481 0.317748 0.007153 0.024809
0 0.176323 0.257634 0.007868 0.024809
0 0.463519 0.236164 0.007153 0.021947
0 0.453863 0.243321 0.006438 0.017176
0 0.369814 0.197519 0.005722 0.013359
0 0.447783 0.167939 0.005722 0.015267
0 0.481760 0.227576 0.005007 0.021947
0 0.379113 0.445134 0.012876 0.027672
0 0.394850 0.439408 0.011445 0.041031
0 0.395207 0.414122 0.013591 0.034351
0 0.376252 0.144084 0.002861 0.011450
0 0.374106 0.143607 0.005722 0.012405
0 0.372675 0.235210 0.005722 0.014313
0 0.345136 0.197996 0.005007 0.012405
0 0.252146 0.036737 0.003577 0.008588
0 0.208155 0.091603 0.004292 0.009542
0 0.366595 0.137882 0.005007 0.016221
0 0.365880 0.121183 0.002146 0.011450
0 0.375179 0.118798 0.003577 0.012405
0 0.354077 0.125000 0.004292 0.013359
0 0.346924 0.127385 0.005722 0.014313
0 0.350501 0.126908 0.005722 0.011450
