0 0.261071 0.908571 0.046429 0.076190
0 0.049286 0.961429 0.044286 0.077143
0 0.645000 0.907143 0.028571 0.063810
0 0.628929 0.933333 0.032143 0.066667
0 0.534286 0.910952 0.025714 0.061905
0 0.580357 0.251905 0.007857 0.020000
0 0.588571 0.253333 0.007143 0.022857
0 0.593929 0.253810 0.007857 0.023810
0 0.488929 0.180952 0.005000 0.009524
0 0.261429 0.446190 0.015714 0.031429
0 0.380000 0.420952 0.012857 0.032381
0 0.406786 0.456190 0.015000 0.028571
0 0.348571 0.410476 0.015714 0.038095
0 0.336429 0.409048 0.014286 0.039048
0 0.265357 0.235714 0.005000 0.020000
0 0.350714 0.299524 0.010000 0.023810
0 0.365714 0.264286 0.007143 0.018095
0 0.384286 0.221429 0.005714 0.020000
0 0.376429 0.220952 0.007143 0.019048
0 0.371071 0.219048 0.006429 0.020952
0 0.366429 0.220952 0.007143 0.019048
0 0.368571 0.166190 0.004286 0.014286
0 0.362857 0.178571 0.004286 0.014286
0 0.356786 0.206667 0.005000 0.015238
0 0.350714 0.213333 0.005714 0.017143
0 0.360714 0.200000 0.005714 0.015238
0 0.362500 0.207143 0.005000 0.018095
0 0.367500 0.201905 0.005000 0.015238
0 0.378214 0.200952 0.005000 0.015238
0 0.374643 0.197619 0.006429 0.016190
0 0.371429 0.191905 0.004286 0.014286
0 0.367143 0.201905 0.005714 0.017143
0 0.367143 0.196190 0.007143 0.017143
0 0.367857 0.191905 0.004286 0.016190
0 0.348571 0.202857 0.007143 0.011429
0 0.370357 0.143333 0.003571 0.012381
0 0.373214 0.143810 0.003571 0.011429
