0 0.225000 0.748096 0.005714 0.019036
0 0.229286 0.739848 0.007143 0.017766
0 0.271071 0.864848 0.009286 0.016497
0 0.295714 0.902919 0.007143 0.016497
0 0.300357 0.971447 0.009286 0.021574
0 0.312500 0.883883 0.006429 0.016497
0 0.430000 0.869924 0.008571 0.016497
0 0.404286 0.838198 0.005714 0.019036
0 0.442857 0.794416 0.005714 0.020305
0 0.499643 0.851523 0.006429 0.020305
0 0.503571 0.848350 0.004286 0.019036
0 0.727500 0.793147 0.006429 0.017766
0 0.745000 0.784898 0.005714 0.016497
0 0.749643 0.772843 0.005000 0.017766
