0 0.686250 0.575333 0.005500 0.033333
0 0.715000 0.563333 0.006000 0.033333
0 0.707250 0.588000 0.005500 0.030667
0 0.711250 0.571000 0.004500 0.034000
0 0.709000 0.579667 0.007000 0.032667
0 0.630250 0.514333 0.011500 0.020667
0 0.711000 0.386333 0.003000 0.016667
0 0.876750 0.316333 0.004500 0.012667
0 0.339500 0.387000 0.005000 0.015333
0 0.315750 0.375667 0.005500 0.015333
0 0.362250 0.396667 0.006500 0.017333
0 0.398250 0.301667 0.002500 0.010000
0 0.404000 0.281667 0.002000 0.008667
0 0.721500 0.343667 0.004000 0.014000
0 0.698250 0.343333 0.003500 0.014667
0 0.705250 0.344667 0.003500 0.013333
