0 0.921429 0.678095 0.038571 0.070476
0 0.837143 0.516667 0.024286 0.058095
0 0.936429 0.474762 0.027143 0.060000
0 0.907143 0.487143 0.030000 0.058095
0 0.827500 0.462857 0.025000 0.047619
0 0.855714 0.433333 0.030000 0.062857
0 0.667500 0.278095 0.015000 0.049524
0 0.631429 0.276190 0.015714 0.043810
0 0.719643 0.209048 0.012143 0.044762
0 0.868571 0.081905 0.012857 0.036190
0 0.893571 0.068571 0.011429 0.032381
0 0.876786 0.069524 0.012143 0.036190
0 0.592143 0.329524 0.017143 0.057143
0 0.542143 0.322857 0.015714 0.057143
0 0.589286 0.188095 0.015714 0.046667
0 0.500357 0.132381 0.013571 0.043810
0 0.577857 0.324762 0.014286 0.032381
0 0.483929 0.102381 0.012143 0.042857
0 0.393571 0.079524 0.011429 0.039048
0 0.398929 0.077143 0.010714 0.038095
0 0.335357 0.018571 0.012143 0.037143
0 0.193214 0.032381 0.015000 0.036190
0 0.162500 0.022857 0.012143 0.030476
0 0.213929 0.013810 0.012143 0.027619
0 0.208929 0.012857 0.010714 0.025714
