0 0.238571 0.035714 0.012857 0.029524
0 0.245357 0.038571 0.007857 0.016190
0 0.265000 0.145714 0.012857 0.030476
0 0.228214 0.330476 0.015000 0.028571
0 0.355714 0.503333 0.011429 0.020000
0 0.341429 0.284762 0.011429 0.034286
0 0.330000 0.171905 0.010000 0.033333
0 0.321071 0.020000 0.010714 0.026667
0 0.316071 0.134762 0.012143 0.029524
0 0.316786 0.165714 0.009286 0.034286
0 0.229286 0.362381 0.017143 0.031429
0 0.211429 0.353333 0.014286 0.034286
0 0.246071 0.064286 0.012143 0.025714
0 0.239286 0.067143 0.007143 0.014286
0 0.213571 0.090476 0.005714 0.009524
0 0.208214 0.078095 0.010714 0.022857
0 0.318929 0.204286 0.009286 0.027619
0 0.338214 0.360952 0.012143 0.030476
0 0.280000 0.230476 0.014286 0.030476
0 0.335000 0.238571 0.010000 0.029524
0 0.333571 0.217619 0.011429 0.027619
0 0.277143 0.729048 0.017143 0.021905
0 0.379643 0.750476 0.016429 0.022857
0 0.262857 0.593810 0.015714 0.031429
0 0.288214 0.716190 0.019286 0.022857
0 0.330000 0.896667 0.018571 0.029524
0 0.946786 0.288095 0.016429 0.025714
0 0.928571 0.429524 0.014286 0.017143
0 0.918571 0.426190 0.017143 0.018095
