0 0.486750 0.055667 0.003500 0.011333
0 0.513750 0.133000 0.003500 0.011333
0 0.524250 0.128000 0.003500 0.012000
0 0.453500 0.340000 0.006000 0.012000
0 0.618000 0.703000 0.007000 0.019333
0 0.532250 0.612333 0.005500 0.020667
0 0.794250 0.490333 0.007500 0.016667
0 0.533750 0.312000 0.003500 0.013333
0 0.671250 0.265667 0.003500 0.015333
0 0.676250 0.269000 0.003500 0.015333
0 0.680500 0.265000 0.004000 0.015333
0 0.686750 0.268667 0.005500 0.016000
0 0.676750 0.261000 0.004500 0.016667
0 0.664750 0.186667 0.005500 0.010667
0 0.071500 0.656333 0.019000 0.012667
0 0.159250 0.630000 0.012500 0.021333
0 0.152500 0.603667 0.013000 0.018000
