0 0.574286 0.810476 0.022857 0.043810
0 0.591786 0.706667 0.023571 0.049524
0 0.491071 0.648571 0.016429 0.051429
0 0.476071 0.657143 0.016429 0.028571
0 0.323214 0.516190 0.020714 0.030476
0 0.699286 0.651905 0.014286 0.031429
0 0.681786 0.655238 0.015000 0.026667
0 0.663571 0.669048 0.018571 0.029524
0 0.600714 0.584762 0.014286 0.043810
0 0.580714 0.511905 0.011429 0.037143
0 0.616429 0.429524 0.008571 0.024762
0 0.532500 0.345238 0.009286 0.018095
0 0.531071 0.370000 0.007857 0.027619
0 0.546071 0.367619 0.007857 0.026667
0 0.546429 0.355238 0.008571 0.022857
0 0.520357 0.340476 0.009286 0.021905
0 0.669643 0.273810 0.012143 0.029524
0 0.677857 0.290476 0.014286 0.028571
0 0.747857 0.282381 0.014286 0.021905
0 0.770357 0.228571 0.015000 0.034286
0 0.752857 0.209524 0.015714 0.026667
0 0.753571 0.199048 0.012857 0.024762
0 0.812500 0.216667 0.013571 0.029524
0 0.843929 0.190952 0.015000 0.025714
0 0.838929 0.177619 0.015000 0.027619
0 0.910714 0.063333 0.018571 0.031429
0 0.569643 0.303810 0.015000 0.024762
0 0.275357 0.483333 0.016429 0.025714
0 0.823571 0.798571 0.021429 0.025714
