0 0.005000 0.600476 0.005714 0.023810
0 0.312143 0.808095 0.014286 0.035238
0 0.339643 0.768095 0.010714 0.033333
0 0.007857 0.673333 0.005714 0.026667
0 0.018929 0.714762 0.007857 0.027619
0 0.008929 0.720952 0.007857 0.026667
0 0.569286 0.054286 0.002857 0.013333
0 0.560357 0.067619 0.003571 0.017143
0 0.578214 0.071905 0.003571 0.020000
0 0.565714 0.167619 0.002857 0.011429
0 0.578929 0.220952 0.003571 0.015238
0 0.451071 0.302381 0.005000 0.021905
0 0.459286 0.301429 0.004286 0.020000
0 0.565000 0.320000 0.005714 0.020952
0 0.557500 0.339524 0.006429 0.020000
0 0.545714 0.338095 0.005714 0.022857
0 0.545000 0.332857 0.002857 0.012381
0 0.485000 0.330952 0.002857 0.010476
0 0.480714 0.331905 0.002857 0.012381
0 0.661786 0.912381 0.007857 0.022857
0 0.631786 0.901905 0.010714 0.032381
0 0.603571 0.270000 0.004286 0.016190
0 0.597500 0.079524 0.002143 0.012381
0 0.589286 0.147619 0.004286 0.017143
0 0.595000 0.151429 0.004286 0.013333
0 0.585357 0.162857 0.003571 0.011429
0 0.609643 0.168571 0.003571 0.015238
0 0.603571 0.170476 0.004286 0.015238
0 0.605714 0.199524 0.004286 0.016190
0 0.601429 0.199524 0.004286 0.014286
0 0.698214 0.422381 0.007857 0.018095
0 0.715000 0.679524 0.007143 0.033333
0 0.818214 0.177143 0.003571 0.015238
0 0.802143 0.290952 0.007143 0.012381
0 0.962857 0.634762 0.012857 0.025714
0 0.910000 0.341905 0.004286 0.019048
0 0.902857 0.351905 0.004286 0.018095
0 0.891429 0.146667 0.005714 0.024762
0 0.891429 0.090000 0.005714 0.012381
0 0.904643 0.093333 0.003571 0.011429
0 0.898929 0.046667 0.003571 0.015238
0 0.878214 0.058571 0.003571 0.012381
0 0.963214 0.117143 0.005000 0.015238
0 0.969643 0.117619 0.003571 0.014286
0 0.982500 0.120952 0.005000 0.015238
0 0.992143 0.122381 0.002857 0.014286
0 0.927500 0.102857 0.006429 0.019048
0 0.907857 0.038571 0.004286 0.014286
0 0.827857 0.005238 0.004286 0.010476
0 0.834286 0.004762 0.004286 0.009524
0 0.846071 0.051429 0.005000 0.017143
