0 0.316071 0.014594 0.005000 0.021574
0 0.311786 0.066624 0.005000 0.019036
0 0.315357 0.095812 0.006429 0.021574
0 0.326786 0.029188 0.005000 0.022843
0 0.330000 0.024746 0.005714 0.019036
0 0.290357 0.180203 0.005000 0.015228
0 0.297500 0.175127 0.005000 0.015228
0 0.302500 0.175127 0.005000 0.022843
0 0.270000 0.253173 0.005714 0.021574
0 0.264286 0.288706 0.007143 0.024112
0 0.257143 0.284264 0.005714 0.020305
0 0.227143 0.229695 0.007143 0.022843
0 0.218571 0.242386 0.005714 0.022843
0 0.417500 0.154822 0.006429 0.022843
0 0.426071 0.150381 0.005000 0.019036
0 0.414643 0.130711 0.005000 0.025381
0 0.420000 0.134518 0.005714 0.025381
0 0.412500 0.147843 0.006429 0.019036
0 0.433214 0.147208 0.006429 0.017766
0 0.551786 0.167513 0.005000 0.025381
0 0.556429 0.165609 0.004286 0.026650
0 0.561429 0.164340 0.005714 0.029188
0 0.365000 0.533629 0.005714 0.021574
0 0.366429 0.539340 0.005714 0.022843
0 0.203571 0.692893 0.010000 0.027919
0 0.144286 0.623096 0.010000 0.022843
0 0.168929 0.504442 0.010714 0.024112
0 0.210357 0.833122 0.013571 0.024112
0 0.141071 0.875635 0.010714 0.030457
