0 0.240714 0.173333 0.017143 0.043810
0 0.822143 0.374286 0.022857 0.057143
0 0.410000 0.309524 0.017143 0.060952
0 0.440714 0.389524 0.014286 0.051429
0 0.452857 0.382381 0.020000 0.054286
0 0.635714 0.140476 0.011429 0.046667
0 0.645357 0.148571 0.010714 0.040000
0 0.593214 0.104762 0.016429 0.047619
0 0.573929 0.050952 0.013571 0.042857
0 0.603214 0.019048 0.010714 0.036190
0 0.612857 0.018095 0.011429 0.036190
0 0.595714 0.009524 0.051429 0.017143
0 0.229286 0.472857 0.020000 0.042857
0 0.363214 0.770952 0.020714 0.063810
