0 0.518929 0.562817 0.003571 0.019036
0 0.523571 0.560914 0.004286 0.020305
0 0.702143 0.941624 0.007143 0.027919
0 0.709286 0.911802 0.008571 0.021574
0 0.697500 0.842640 0.007857 0.027919
0 0.680000 0.811548 0.005714 0.024112
0 0.666786 0.734137 0.006429 0.024112
0 0.683214 0.737310 0.006429 0.020305
0 0.675357 0.713832 0.006429 0.024112
0 0.700714 0.828046 0.007143 0.029188
0 0.687143 0.852792 0.004286 0.015228
0 0.661429 0.645305 0.004286 0.019036
0 0.664643 0.643401 0.003571 0.015228
0 0.645714 0.489213 0.004286 0.016497
0 0.641071 0.495558 0.005000 0.019036
0 0.634286 0.495558 0.004286 0.019036
0 0.621429 0.482234 0.004286 0.020305
0 0.633571 0.443528 0.004286 0.016497
0 0.633214 0.407360 0.003571 0.017766
0 0.620714 0.376269 0.004286 0.016497
0 0.526786 0.378173 0.003571 0.020305
0 0.513929 0.486675 0.005000 0.021574
0 0.535714 0.366751 0.004286 0.017766
0 0.617143 0.338198 0.002857 0.016497
0 0.611786 0.340102 0.003571 0.017766
0 0.610357 0.298223 0.003571 0.015228
0 0.603929 0.309645 0.005000 0.015228
0 0.602143 0.281726 0.004286 0.015228
0 0.608571 0.263959 0.002857 0.015228
0 0.602143 0.258883 0.004286 0.017766
0 0.602500 0.227157 0.003571 0.015228
0 0.598214 0.213832 0.002143 0.013959
0 0.592500 0.143401 0.002143 0.012690
0 0.588929 0.143401 0.002143 0.012690
0 0.579643 0.134518 0.003571 0.012690
0 0.517500 0.168147 0.002143 0.011421
0 0.520000 0.187817 0.002857 0.012690
0 0.519286 0.213832 0.002857 0.013959
0 0.586071 0.118020 0.003571 0.012690
0 0.596786 0.106599 0.003571 0.010152
0 0.581429 0.078680 0.002857 0.010152
0 0.576786 0.061548 0.002143 0.011421
0 0.577143 0.083756 0.002857 0.010152
0 0.577500 0.078680 0.002143 0.010152
0 0.592857 0.097081 0.002857 0.011421
0 0.595714 0.097716 0.002857 0.012690
0 0.588571 0.133883 0.002857 0.013959
0 0.606429 0.339467 0.002857 0.016497
0 0.603929 0.334391 0.003571 0.013959
0 0.606429 0.371193 0.004286 0.019036
0 0.646429 0.386421 0.004286 0.016497
0 0.641071 0.388325 0.003571 0.017766
0 0.645000 0.381345 0.004286 0.016497
0 0.583214 0.064721 0.002143 0.010152
0 0.581786 0.064086 0.002143 0.011421
0 0.638214 0.359137 0.003571 0.015228
0 0.605714 0.299492 0.004286 0.015228
0 0.714643 0.810914 0.006429 0.022843
0 0.711429 0.801396 0.004286 0.021574
0 0.532857 0.961294 0.007143 0.034264
0 0.540000 0.961929 0.007143 0.032995
0 0.337143 0.916244 0.010000 0.025381
0 0.331071 0.903553 0.010714 0.032995
