0 0.612857 0.332381 0.004286 0.005714
0 0.654286 0.280476 0.002857 0.006667
0 0.688571 0.266190 0.002857 0.010476
0 0.492143 0.244286 0.002857 0.006667
0 0.101429 0.336667 0.004286 0.010476
0 0.098214 0.354762 0.005000 0.010476
0 0.135357 0.366667 0.005000 0.011429
0 0.139643 0.369048 0.005000 0.008571
0 0.144643 0.366190 0.005000 0.012381
0 0.153214 0.348095 0.003571 0.012381
0 0.152857 0.323333 0.002857 0.010476
0 0.160714 0.307619 0.002857 0.009524
0 0.119286 0.322857 0.004286 0.009524
0 0.116786 0.338571 0.005000 0.010476
0 0.103929 0.363810 0.003571 0.011429
0 0.107500 0.334286 0.003571 0.009524
0 0.106786 0.344762 0.005000 0.005714
0 0.100714 0.342381 0.005714 0.010476
0 0.092500 0.340952 0.005000 0.013333
0 0.091071 0.361429 0.005000 0.008571
0 0.080357 0.357143 0.002143 0.009524
0 0.061071 0.352857 0.005000 0.016190
0 0.507857 0.552381 0.008571 0.020952
