0 0.216429 0.878571 0.035714 0.079048
0 0.343929 0.742857 0.017857 0.066667
0 0.404643 0.722857 0.017857 0.064762
0 0.455714 0.685714 0.012857 0.049524
0 0.512143 0.636190 0.017143 0.053333
0 0.652857 0.708571 0.020000 0.055238
0 0.400714 0.558095 0.017143 0.051429
0 0.419643 0.559048 0.013571 0.045714
0 0.463214 0.584286 0.009286 0.048571
0 0.485357 0.589524 0.012143 0.049524
0 0.498929 0.582857 0.012143 0.049524
0 0.473571 0.568571 0.021429 0.026667
0 0.633214 0.487143 0.012143 0.040952
0 0.658571 0.453333 0.008571 0.036190
0 0.665000 0.467143 0.007143 0.031429
0 0.671071 0.453333 0.006429 0.036190
0 0.694643 0.527619 0.007857 0.038095
0 0.734286 0.460476 0.010000 0.031429
0 0.727500 0.456190 0.007857 0.030476
0 0.731071 0.418571 0.013571 0.029524
0 0.784643 0.443810 0.012143 0.036190
0 0.798214 0.401429 0.009286 0.029524
0 0.768929 0.383810 0.007857 0.028571
0 0.736429 0.395714 0.008571 0.033333
0 0.697500 0.384286 0.006429 0.021905
0 0.670357 0.371429 0.009286 0.022857
0 0.659643 0.373810 0.006429 0.014286
0 0.857500 0.390000 0.007857 0.031429
0 0.743214 0.319524 0.005000 0.020000
0 0.786429 0.351905 0.007143 0.023810
