0 0.596250 0.142667 0.005500 0.021333
0 0.624250 0.213667 0.024500 0.032667
0 0.530000 0.327333 0.039000 0.048000
0 0.565750 0.188333 0.030500 0.028667
0 0.459250 0.242667 0.007500 0.022667
0 0.462750 0.237000 0.006500 0.026000
0 0.832250 0.192667 0.006500 0.024000
0 0.820750 0.113000 0.004500 0.011333
0 0.823000 0.134333 0.006000 0.015333
0 0.214500 0.350667 0.017000 0.038667
0 0.587000 0.101667 0.004000 0.014000
0 0.615750 0.095667 0.004500 0.014000
0 0.605750 0.094667 0.004500 0.014667
0 0.601750 0.098667 0.005500 0.016000
0 0.617500 0.083333 0.003000 0.013333
0 0.612250 0.084667 0.003500 0.013333
0 0.820250 0.074000 0.003500 0.008000
0 0.734750 0.030667 0.001500 0.009333
0 0.736250 0.030667 0.002500 0.009333
0 0.725250 0.053000 0.002500 0.008667
0 0.751750 0.005667 0.002500 0.007333
0 0.753500 0.005667 0.003000 0.007333
0 0.389500 0.244333 0.005000 0.022000
