0 0.556786 0.677619 0.015000 0.044762
0 0.716071 0.666190 0.010714 0.044762
0 0.906786 0.883333 0.017857 0.071429
0 0.788571 0.651905 0.008571 0.039048
0 0.572857 0.537143 0.011429 0.030476
0 0.574286 0.518571 0.011429 0.020000
0 0.577857 0.471905 0.010000 0.027619
0 0.586786 0.470476 0.009286 0.028571
0 0.405000 0.732381 0.010000 0.051429
0 0.416071 0.726667 0.013571 0.051429
0 0.375714 0.666190 0.014286 0.052381
0 0.516429 0.478571 0.008571 0.020000
0 0.020000 0.375238 0.005714 0.017143
0 0.055000 0.360476 0.005714 0.012381
0 0.058929 0.360952 0.003571 0.015238
0 0.334643 0.429048 0.006429 0.020000
0 0.097857 0.340952 0.005714 0.013333
0 0.475357 0.356667 0.005000 0.014286
0 0.480000 0.358571 0.004286 0.016190
