0 0.200357 0.543333 0.007857 0.018095
0 0.189286 0.510476 0.007143 0.019048
0 0.183571 0.628571 0.008571 0.017143
0 0.162500 0.701429 0.010714 0.021905
0 0.154643 0.705238 0.010714 0.021905
0 0.139643 0.680952 0.007857 0.020952
0 0.180357 0.820952 0.012143 0.024762
0 0.188214 0.811429 0.012143 0.026667
0 0.090357 0.681905 0.010714 0.013333
0 0.530714 0.500952 0.005714 0.015238
0 0.530357 0.485714 0.005000 0.015238
0 0.518571 0.506190 0.005714 0.014286
0 0.445714 0.516190 0.008571 0.011429
0 0.525357 0.722381 0.009286 0.014286
0 0.514643 0.454762 0.005000 0.014286
0 0.506786 0.451429 0.005000 0.013333
0 0.467143 0.429524 0.004286 0.011429
0 0.457143 0.464762 0.005714 0.013333
0 0.472500 0.464762 0.005000 0.015238
0 0.611071 0.430476 0.003571 0.015238
0 0.782500 0.563333 0.009286 0.012381
0 0.642500 0.865238 0.010714 0.025714
0 0.635000 0.746190 0.014286 0.021905
0 0.633929 0.668095 0.009286 0.012381
0 0.631786 0.695714 0.010714 0.016190
0 0.636429 0.661905 0.008571 0.015238
