0 0.015714 0.140000 0.012857 0.028571
0 0.007143 0.150000 0.011429 0.027619
0 0.026429 0.172381 0.011429 0.024762
0 0.201786 0.078095 0.012143 0.022857
0 0.052500 0.184762 0.009286 0.020952
0 0.222857 0.515714 0.017143 0.037143
0 0.255357 0.506667 0.016429 0.038095
0 0.391071 0.013333 0.026429 0.024762
0 0.630000 0.006667 0.005714 0.013333
0 0.638571 0.007619 0.008571 0.015238
0 0.557500 0.228571 0.013571 0.026667
0 0.510714 0.441905 0.010000 0.034286
0 0.694286 0.389524 0.014286 0.036190
0 0.706786 0.621905 0.013571 0.028571
0 0.794286 0.794762 0.017143 0.031429
0 0.814286 0.795714 0.017143 0.035238
0 0.827500 0.819524 0.017857 0.035238
0 0.803214 0.834286 0.020714 0.032381
