0 0.017484 0.309833 0.012004 0.022263
0 0.014353 0.303340 0.012004 0.022263
0 0.132046 0.260668 0.008351 0.033395
0 0.147965 0.339518 0.008873 0.022263
0 0.183716 0.308442 0.007307 0.023191
0 0.217641 0.275510 0.009395 0.024119
0 0.248695 0.275510 0.006785 0.024119
0 0.270616 0.237477 0.006785 0.020408
0 0.117432 0.905380 0.015658 0.018553
0 0.109603 0.967532 0.016701 0.020408
0 0.400835 0.633581 0.009395 0.022263
0 0.394833 0.628942 0.007829 0.024119
0 0.344207 0.177644 0.005741 0.021336
0 0.430846 0.111781 0.005741 0.021336
0 0.427714 0.115028 0.004697 0.020408
0 0.482255 0.159555 0.008351 0.009276
0 0.479645 0.480519 0.006263 0.016698
0 0.502349 0.061224 0.003653 0.018553
0 0.498434 0.062616 0.004175 0.019481
0 0.512004 0.031540 0.007307 0.024119
0 0.559499 0.012523 0.006263 0.019481
0 0.499478 0.029221 0.006263 0.026902
