0 0.153571 0.909898 0.011429 0.027919
0 0.139286 0.736675 0.012857 0.026650
0 0.166429 0.657995 0.008571 0.024112
0 0.182857 0.609772 0.011429 0.029188
0 0.213929 0.576777 0.009286 0.024112
0 0.203214 0.593909 0.009286 0.020305
0 0.191786 0.583756 0.009286 0.027919
0 0.265357 0.287437 0.006429 0.016497
0 0.248214 0.274112 0.006429 0.022843
0 0.262500 0.231599 0.006429 0.024112
0 0.247143 0.184645 0.011429 0.029188
0 0.320000 0.154188 0.005714 0.021574
0 0.317143 0.169416 0.007143 0.019036
0 0.337143 0.146574 0.008571 0.021574
0 0.329286 0.140228 0.004286 0.013959
0 0.327143 0.148477 0.005714 0.017766
0 0.293929 0.177030 0.005000 0.019036
0 0.300357 0.170051 0.007857 0.020305
0 0.301071 0.158629 0.007857 0.017766
0 0.297143 0.154188 0.005714 0.016497
0 0.286786 0.152919 0.005000 0.011421
0 0.292143 0.161168 0.005714 0.015228
0 0.280000 0.159898 0.007143 0.020305
0 0.274286 0.166244 0.005714 0.017766
0 0.277500 0.175127 0.005000 0.022843
0 0.283214 0.180203 0.009286 0.025381
0 0.284643 0.220178 0.006429 0.019036
0 0.271071 0.214467 0.006429 0.015228
0 0.270357 0.231599 0.005000 0.011421
0 0.275000 0.228426 0.007143 0.015228
0 0.278929 0.224619 0.006429 0.020305
0 0.292500 0.317259 0.006429 0.020305
0 0.316786 0.264594 0.007857 0.019036
0 0.297500 0.303299 0.006429 0.017766
0 0.301429 0.350254 0.008571 0.020305
0 0.234286 0.317259 0.007143 0.017766
0 0.173571 0.654188 0.008571 0.024112
0 0.217857 0.666244 0.010000 0.025381
0 0.299286 0.763325 0.008571 0.029188
0 0.287143 0.823604 0.014286 0.025381
0 0.120714 0.989848 0.012857 0.017766
