0 0.228929 0.759048 0.027857 0.043810
0 0.257143 0.790952 0.025714 0.044762
0 0.177857 0.488571 0.027143 0.043810
0 0.182143 0.463810 0.024286 0.043810
0 0.336429 0.370476 0.017143 0.045714
0 0.342500 0.339524 0.019286 0.040952
0 0.326429 0.339524 0.014286 0.046667
0 0.323929 0.307143 0.016429 0.044762
0 0.357500 0.309048 0.015000 0.042857
0 0.365000 0.312857 0.015714 0.040952
0 0.352857 0.253333 0.015714 0.045714
0 0.363571 0.231905 0.015714 0.042857
0 0.372857 0.238571 0.011429 0.042857
0 0.383571 0.244762 0.012857 0.047619
0 0.381786 0.222857 0.012143 0.038095
