0 0.132857 0.210660 0.002857 0.010152
0 0.183929 0.246193 0.003571 0.010152
0 0.181071 0.236041 0.002143 0.007614
0 0.191429 0.254442 0.002857 0.011421
0 0.200714 0.243020 0.002857 0.008883
0 0.195357 0.244924 0.003571 0.012690
0 0.196071 0.235406 0.002143 0.008883
0 0.140357 0.414340 0.003571 0.011421
0 0.263929 0.306472 0.003571 0.011421
0 0.679286 0.973985 0.004286 0.011421
0 0.685357 0.959391 0.005000 0.010152
0 0.686786 0.975254 0.005000 0.011421
0 0.872500 0.580584 0.005000 0.008883
0 0.880714 0.595178 0.002857 0.010152
0 0.965357 0.480964 0.005000 0.007614
0 0.939286 0.489213 0.004286 0.008883
0 0.993214 0.464467 0.005000 0.010152
0 0.666786 0.363579 0.003571 0.008883
0 0.343571 0.189721 0.002857 0.011421
0 0.345357 0.185914 0.003571 0.008883
0 0.340357 0.187817 0.003571 0.007614
0 0.376071 0.166244 0.002143 0.010152
0 0.361786 0.106599 0.002143 0.010152
0 0.440357 0.149112 0.002143 0.008883
