0 0.275000 0.098350 0.002857 0.011421
0 0.291786 0.102792 0.003571 0.012690
0 0.276071 0.095812 0.003571 0.008883
0 0.295000 0.104695 0.002857 0.013959
0 0.305357 0.104061 0.002143 0.010152
0 0.083214 0.203046 0.002143 0.010152
0 0.044286 0.925761 0.005714 0.013959
0 0.170357 0.687183 0.005000 0.016497
0 0.197857 0.604061 0.004286 0.010152
0 0.145714 0.734137 0.004286 0.016497
0 0.151429 0.706853 0.005714 0.015228
0 0.147500 0.706218 0.006429 0.011421
0 0.147857 0.735406 0.004286 0.016497
0 0.244286 0.561548 0.005714 0.011421
0 0.428929 0.608503 0.005000 0.013959
0 0.627500 0.645939 0.006429 0.015228
0 0.416786 0.615482 0.003571 0.012690
0 0.868929 0.667513 0.005000 0.010152
0 0.877143 0.644036 0.005714 0.016497
0 0.830000 0.665609 0.004286 0.013959
0 0.901429 0.713198 0.005714 0.015228
0 0.870714 0.696066 0.004286 0.013959
0 0.948929 0.730964 0.006429 0.012690
