0 0.701429 0.775714 0.015714 0.025714
0 0.701786 0.749048 0.023571 0.021905
0 0.698571 0.725238 0.021429 0.025714
0 0.703571 0.698571 0.020000 0.029524
0 0.702143 0.680000 0.018571 0.019048
0 0.702500 0.635238 0.023571 0.034286
0 0.704286 0.614762 0.024286 0.035238
0 0.684643 0.630000 0.012143 0.046667
0 0.672143 0.626667 0.014286 0.041905
0 0.657143 0.641429 0.012857 0.039048
0 0.644643 0.636190 0.016429 0.045714
0 0.643571 0.601429 0.017143 0.042857
0 0.717857 0.415714 0.015714 0.042857
0 0.687500 0.341429 0.012143 0.039048
0 0.910714 0.056190 0.004286 0.019048
0 0.885000 0.050476 0.005714 0.011429
0 0.867857 0.055714 0.010000 0.016190
0 0.827857 0.034762 0.005714 0.018095
0 0.823571 0.020952 0.005714 0.015238
0 0.575714 0.015714 0.008571 0.018095
0 0.457143 0.148571 0.011429 0.030476
0 0.338571 0.093333 0.010000 0.032381
0 0.322500 0.097619 0.009286 0.027619
0 0.296429 0.099524 0.008571 0.025714
0 0.218214 0.091429 0.010714 0.028571
0 0.254643 0.061429 0.010714 0.025714
0 0.269286 0.077143 0.010000 0.022857
0 0.268214 0.059524 0.006429 0.027619
0 0.282143 0.063333 0.008571 0.025714
0 0.289286 0.062381 0.008571 0.021905
0 0.290714 0.049048 0.010000 0.021905
0 0.263214 0.016190 0.007857 0.013333
0 0.270000 0.037143 0.008571 0.013333
0 0.271429 0.044762 0.007143 0.013333
0 0.298929 0.080000 0.007857 0.026667
0 0.295714 0.077143 0.007143 0.026667
0 0.273571 0.093810 0.010000 0.016190
0 0.190714 0.136667 0.012857 0.029524
0 0.208214 0.135238 0.013571 0.028571
0 0.192143 0.120000 0.011429 0.026667
0 0.197500 0.117143 0.009286 0.024762
0 0.206071 0.113810 0.013571 0.031429
0 0.197857 0.106667 0.012857 0.030476
0 0.221786 0.577619 0.025000 0.050476
0 0.358929 0.205714 0.009286 0.020952
