0 0.887500 0.004442 0.005000 0.008883
0 0.993214 0.069162 0.002143 0.008883
0 0.988571 0.071066 0.002857 0.010152
0 0.995714 0.074873 0.001429 0.007614
0 0.966429 0.055203 0.002857 0.013959
0 0.769643 0.680838 0.002143 0.008883
0 0.780357 0.670685 0.003571 0.011421
0 0.813214 0.675761 0.002143 0.006345
0 0.727857 0.728426 0.004286 0.010152
0 0.715357 0.751269 0.002143 0.007614
0 0.701429 0.776015 0.002857 0.011421
0 0.714286 0.741117 0.002857 0.012690
0 0.716786 0.746193 0.002143 0.010152
0 0.771071 0.684010 0.002143 0.010152
0 0.793929 0.668782 0.002143 0.007614
0 0.803214 0.666244 0.003571 0.007614
0 0.790000 0.663706 0.002857 0.010152
0 0.627857 0.406091 0.004286 0.010152
0 0.198571 0.171320 0.004286 0.007614
0 0.199643 0.161168 0.002143 0.005076
