0 0.339771 0.784351 0.024320 0.043893
0 0.349428 0.668893 0.026466 0.036260
0 0.395923 0.670802 0.019313 0.041985
0 0.094421 0.165076 0.014306 0.032443
0 0.258941 0.419847 0.021459 0.041985
0 0.197425 0.426050 0.028612 0.042939
0 0.335837 0.485210 0.020744 0.046756
0 0.478183 0.500477 0.016452 0.035305
0 0.678469 0.311069 0.013591 0.047710
0 0.666667 0.501908 0.020029 0.032443
0 0.683476 0.487118 0.013591 0.023855
0 0.694206 0.475668 0.019313 0.025763
0 0.772532 0.463263 0.025751 0.050573
0 0.276466 0.567748 0.027897 0.038168
0 0.522532 0.697996 0.009299 0.035305
0 0.663448 0.825382 0.025036 0.049618
0 0.253934 0.648378 0.020029 0.044847
0 0.219242 0.074427 0.012160 0.024809
0 0.202790 0.082061 0.009299 0.019084
0 0.884478 0.056775 0.022175 0.035305
0 0.681688 0.112595 0.010014 0.028626
0 0.881617 0.533397 0.027897 0.036260
0 0.903076 0.509542 0.013591 0.022901
0 0.893062 0.498092 0.013591 0.022901
0 0.233906 0.594466 0.027182 0.049618
0 0.263948 0.587309 0.027182 0.035305
0 0.249642 0.565840 0.021459 0.032443
0 0.242489 0.545802 0.017167 0.026718
0 0.214950 0.562500 0.030758 0.029580
