0 0.354286 0.009048 0.004286 0.018095
0 0.363571 0.009524 0.004286 0.019048
0 0.347143 0.100476 0.004286 0.021905
0 0.390357 0.013333 0.003571 0.019048
0 0.374643 0.017143 0.005000 0.019048
0 0.455714 0.050952 0.004286 0.021905
0 0.379286 0.044286 0.007143 0.018095
0 0.377857 0.081905 0.007143 0.011429
0 0.383929 0.077619 0.006429 0.021905
0 0.401786 0.076190 0.007857 0.020952
0 0.420000 0.128095 0.005714 0.020000
0 0.352143 0.198095 0.007143 0.019048
0 0.360000 0.775714 0.010000 0.014286
0 0.348929 0.768571 0.010714 0.022857
0 0.300000 0.649524 0.011429 0.015238
0 0.386071 0.588095 0.010714 0.025714
0 0.335000 0.503333 0.008571 0.023810
0 0.433214 0.145714 0.006429 0.013333
0 0.443929 0.144286 0.006429 0.020000
0 0.445000 0.134286 0.005714 0.020952
