0 0.903433 0.616889 0.021459 0.050573
0 0.280401 0.420324 0.014306 0.027672
0 0.038269 0.533397 0.025036 0.047710
0 0.686695 0.403626 0.011445 0.032443
0 0.746066 0.394561 0.012876 0.037214
0 0.637339 0.401240 0.007153 0.029580
0 0.307940 0.321565 0.006438 0.028626
0 0.787196 0.361164 0.010730 0.031489
0 0.839056 0.358302 0.008584 0.025763
0 0.807582 0.338263 0.007153 0.021947
0 0.764306 0.339218 0.009299 0.025763
0 0.439557 0.268130 0.007868 0.020992
0 0.424177 0.270992 0.007153 0.022901
0 0.432761 0.266221 0.005722 0.011450
0 0.428469 0.261450 0.004292 0.019084
0 0.518240 0.244752 0.005007 0.018130
0 0.511445 0.247615 0.005722 0.016221
0 0.509299 0.232824 0.005722 0.017176
0 0.680615 0.163645 0.002146 0.008588
0 0.685622 0.351145 0.007868 0.026718
0 0.661660 0.396947 0.007153 0.030534
0 0.693491 0.135019 0.003577 0.006679
