0 0.269643 0.425238 0.006429 0.008571
0 0.304286 0.687619 0.004286 0.007619
0 0.396786 0.432857 0.005000 0.004762
0 0.423214 0.479048 0.007857 0.005714
0 0.495714 0.076667 0.002857 0.008571
0 0.523929 0.701905 0.005000 0.007619
0 0.736429 0.640952 0.005714 0.005714
0 0.826071 0.655238 0.007857 0.005714
0 0.845714 0.643810 0.008571 0.005714
0 0.858929 0.650000 0.007857 0.004762
0 0.852857 0.167619 0.008571 0.009524
0 0.971071 0.221429 0.007857 0.006667
0 0.920000 0.257143 0.005714 0.005714
0 0.876786 0.454762 0.009286 0.008571
