0 0.203929 0.100888 0.006429 0.021574
0 0.231071 0.119924 0.007857 0.021574
0 0.259643 0.215102 0.005000 0.024112
0 0.273571 0.253173 0.005714 0.021574
0 0.222857 0.228426 0.005714 0.022843
0 0.002857 0.373731 0.004286 0.013959
0 0.003214 0.371193 0.005000 0.016497
0 0.003214 0.363579 0.005000 0.016497
0 0.017143 0.378173 0.010000 0.022843
0 0.028929 0.394670 0.009286 0.020305
0 0.077857 0.921954 0.010000 0.024112
0 0.086429 0.869289 0.010000 0.015228
0 0.876786 0.586929 0.010714 0.024112
0 0.645357 0.524746 0.009286 0.031726
0 0.677500 0.485406 0.009286 0.029188
0 0.682857 0.449239 0.007143 0.032995
0 0.925000 0.048223 0.005714 0.020305
0 0.887500 0.102157 0.009286 0.024112
