0 0.319643 0.012857 0.003571 0.008571
0 0.364286 0.091905 0.002857 0.008571
0 0.356071 0.147619 0.003571 0.009524
0 0.377500 0.239524 0.003571 0.010476
0 0.381429 0.176667 0.002857 0.006667
0 0.210357 0.217143 0.003571 0.009524
0 0.223571 0.216667 0.005714 0.010476
0 0.252143 0.263810 0.002857 0.007619
0 0.243214 0.275238 0.003571 0.009524
0 0.008214 0.362857 0.005000 0.007619
0 0.002857 0.318571 0.005714 0.010476
0 0.034286 0.304762 0.004286 0.005714
0 0.148571 0.390476 0.004286 0.007619
0 0.135000 0.396190 0.005714 0.007619
0 0.414643 0.386667 0.010714 0.022857
0 0.278571 0.718095 0.007143 0.011429
0 0.338571 0.690000 0.004286 0.008571
0 0.191786 0.783810 0.005000 0.007619
0 0.188571 0.792381 0.005714 0.005714
0 0.695714 0.745714 0.002857 0.007619
0 0.679643 0.754762 0.005000 0.008571
0 0.708929 0.708571 0.003571 0.005714
0 0.726429 0.669524 0.005714 0.007619
0 0.745714 0.737143 0.002857 0.007619
0 0.730000 0.682857 0.004286 0.005714
0 0.661071 0.891905 0.005000 0.010476
0 0.727143 0.691905 0.007143 0.008571
0 0.667143 0.610000 0.004286 0.008571
0 0.669643 0.610476 0.003571 0.007619
0 0.551429 0.054762 0.004286 0.008571
0 0.557143 0.299524 0.002857 0.008571
0 0.871429 0.980476 0.005714 0.008571
0 0.879643 0.952857 0.006429 0.006667
0 0.994286 0.817143 0.004286 0.005714
0 0.972857 0.736667 0.007143 0.010476
0 0.982143 0.590476 0.004286 0.009524
0 0.994286 0.613810 0.005714 0.008571
0 0.990357 0.623333 0.005000 0.006667
0 0.987500 0.630000 0.003571 0.006667
0 0.967500 0.611905 0.005000 0.010476
0 0.973214 0.618095 0.003571 0.007619
0 0.976429 0.625238 0.007143 0.010476
0 0.872857 0.662381 0.004286 0.010476
0 0.867143 0.657143 0.005714 0.009524
0 0.863571 0.647143 0.004286 0.006667
0 0.908571 0.573810 0.004286 0.010476
0 0.867500 0.490000 0.002143 0.008571
0 0.874286 0.486190 0.002857 0.008571
0 0.593571 0.461905 0.005714 0.009524
0 0.580000 0.434762 0.004286 0.008571
0 0.699643 0.227619 0.003571 0.011429
0 0.713214 0.217619 0.003571 0.006667
0 0.724286 0.232857 0.002857 0.010476
0 0.729286 0.211905 0.002857 0.010476
