0 0.428571 0.013325 0.004286 0.013959
0 0.415357 0.133883 0.003571 0.016497
0 0.403214 0.189721 0.003571 0.013959
0 0.261429 0.901650 0.005714 0.008883
0 0.267500 0.834391 0.005000 0.008883
0 0.256071 0.875000 0.005000 0.006345
0 0.273571 0.807741 0.005714 0.011421
0 0.298214 0.690990 0.005000 0.013959
0 0.316786 0.608503 0.005000 0.019036
0 0.307500 0.599619 0.005000 0.016497
0 0.346071 0.607234 0.006429 0.016497
0 0.329286 0.582487 0.004286 0.010152
0 0.325357 0.583756 0.005000 0.012690
0 0.400357 0.401015 0.003571 0.010152
0 0.398214 0.401650 0.005000 0.013959
0 0.368929 0.381980 0.005000 0.010152
0 0.374286 0.333756 0.004286 0.015228
0 0.386786 0.271574 0.003571 0.015228
0 0.386429 0.248731 0.004286 0.015228
0 0.420000 0.286802 0.004286 0.015228
0 0.420000 0.277919 0.004286 0.012690
