0 0.781786 0.390228 0.005000 0.016497
0 0.778214 0.385787 0.005000 0.017766
0 0.826429 0.369289 0.004286 0.020305
0 0.575000 0.959391 0.010000 0.025381
0 0.250714 0.724619 0.007143 0.022843
0 0.256786 0.715102 0.007857 0.026650
0 0.233929 0.717640 0.009286 0.024112
0 0.238214 0.710660 0.009286 0.030457
0 0.241071 0.991751 0.009286 0.013959
0 0.148929 0.562817 0.007857 0.024112
0 0.154286 0.555203 0.005714 0.019036
0 0.165000 0.521574 0.005714 0.020305
0 0.202857 0.362310 0.005714 0.013959
0 0.183214 0.384518 0.006429 0.017766
0 0.242857 0.346447 0.004286 0.015228
0 0.136429 0.418147 0.004286 0.019036
0 0.132143 0.411802 0.004286 0.019036
0 0.132500 0.393401 0.005000 0.017766
0 0.126071 0.399112 0.006429 0.021574
0 0.102500 0.295685 0.005000 0.017766
0 0.097857 0.293782 0.004286 0.019036
0 0.090357 0.298858 0.005000 0.013959
0 0.022500 0.265228 0.003571 0.015228
0 0.019286 0.265228 0.005714 0.015228
0 0.013571 0.265863 0.004286 0.013959
0 0.015000 0.253173 0.005714 0.013959
0 0.010714 0.253807 0.004286 0.015228
0 0.434643 0.277284 0.005000 0.016497
0 0.426429 0.277919 0.004286 0.017766
0 0.426786 0.285533 0.005000 0.012690
0 0.431071 0.284898 0.005000 0.011421
