0 0.420714 0.215736 0.007143 0.027919
0 0.427500 0.211294 0.007857 0.026650
0 0.465357 0.210025 0.005000 0.024112
0 0.469286 0.208756 0.005714 0.026650
0 0.470714 0.122462 0.008571 0.026650
0 0.451429 0.100254 0.005714 0.025381
0 0.493929 0.073604 0.007857 0.025381
0 0.666429 0.092005 0.007143 0.024112
0 0.672143 0.095178 0.005714 0.027919
0 0.650357 0.311548 0.006429 0.026650
0 0.642857 0.306472 0.007143 0.026650
0 0.656071 0.493655 0.009286 0.025381
0 0.637500 0.724619 0.009286 0.017766
0 0.637857 0.762690 0.008571 0.020305
0 0.660357 0.762690 0.009286 0.022843
0 0.635357 0.787437 0.007857 0.019036
0 0.647143 0.801396 0.010000 0.024112
0 0.641786 0.934010 0.010714 0.017766
