0 0.437500 0.559048 0.002143 0.005714
0 0.495000 0.560952 0.002857 0.007619
0 0.443214 0.604762 0.002143 0.003810
0 0.603214 0.592857 0.003571 0.012381
0 0.618571 0.627143 0.004286 0.016190
0 0.591429 0.617143 0.004286 0.013333
0 0.607857 0.586190 0.004286 0.012381
0 0.706429 0.650952 0.005714 0.016190
0 0.714286 0.654762 0.005714 0.016190
0 0.704643 0.683333 0.005000 0.021905
0 0.676071 0.680952 0.007857 0.024762
0 0.700000 0.696667 0.007143 0.023810
0 0.751071 0.697619 0.009286 0.025714
0 0.773929 0.700476 0.012143 0.027619
0 0.792500 0.713810 0.007857 0.023810
0 0.772857 0.732857 0.007143 0.029524
0 0.853929 0.727143 0.007857 0.027619
0 0.843929 0.723810 0.006429 0.028571
0 0.923929 0.750952 0.007857 0.018095
0 0.676429 0.914762 0.015714 0.058095
