0 0.337143 0.209048 0.014286 0.031429
0 0.226786 0.112381 0.015000 0.032381
0 0.250000 0.152381 0.014286 0.030476
0 0.287857 0.149048 0.015714 0.029524
0 0.357143 0.207143 0.011429 0.029524
0 0.326429 0.385714 0.018571 0.020952
0 0.067143 0.946190 0.032857 0.025714
0 0.076786 0.929048 0.036429 0.023810
0 0.078214 0.423810 0.030714 0.024762
0 0.541429 0.899524 0.014286 0.020000
0 0.632143 0.988095 0.015714 0.021905
0 0.698214 0.611429 0.012143 0.022857
0 0.571429 0.745714 0.014286 0.020952
0 0.556429 0.248571 0.014286 0.024762
0 0.571786 0.291905 0.012143 0.021905
