0 0.320000 0.077411 0.004286 0.012690
0 0.189286 0.238579 0.005714 0.020305
0 0.035000 0.696066 0.011429 0.016497
0 0.713929 0.954315 0.007857 0.017766
0 0.722857 0.936548 0.005714 0.022843
0 0.711071 0.933376 0.006429 0.016497
0 0.688214 0.919416 0.006429 0.019036
0 0.701071 0.891497 0.010714 0.026650
0 0.735714 0.918147 0.007143 0.016497
0 0.630000 0.715736 0.010000 0.022843
0 0.613929 0.648477 0.006429 0.015228
0 0.597143 0.598350 0.005714 0.021574
0 0.702500 0.638325 0.006429 0.025381
0 0.735714 0.643401 0.007143 0.025381
0 0.650000 0.557741 0.005714 0.019036
0 0.713929 0.502538 0.005000 0.022843
0 0.702500 0.477792 0.005000 0.024112
0 0.618214 0.386421 0.006429 0.013959
0 0.604286 0.393401 0.007143 0.015228
0 0.582857 0.344543 0.005714 0.011421
0 0.670357 0.401650 0.006429 0.016497
0 0.656071 0.336929 0.009286 0.019036
0 0.608929 0.255711 0.006429 0.013959
0 0.597500 0.253173 0.007857 0.026650
0 0.657857 0.190990 0.010000 0.021574
0 0.653929 0.145939 0.005000 0.015228
0 0.655000 0.111675 0.005714 0.015228
0 0.651429 0.097716 0.005714 0.015228
0 0.647857 0.072970 0.005714 0.016497
0 0.637857 0.062817 0.005714 0.013959
0 0.587500 0.065990 0.005000 0.015228
0 0.582857 0.060914 0.004286 0.020305
0 0.616786 0.034264 0.006429 0.022843
0 0.643571 0.045051 0.005714 0.016497
0 0.316429 0.078680 0.004286 0.012690
0 0.673214 0.237944 0.006429 0.021574
0 0.663929 0.406726 0.006429 0.021574
0 0.622500 0.390228 0.005000 0.013959
0 0.585714 0.356599 0.005714 0.015228
0 0.648571 0.549492 0.007143 0.017766
0 0.635357 0.548858 0.006429 0.019036
0 0.637500 0.559645 0.005000 0.020305
0 0.641786 0.552665 0.005000 0.019036
0 0.610000 0.643401 0.005714 0.015228
0 0.656071 0.827411 0.007857 0.025381
0 0.650714 0.783629 0.007143 0.019036
0 0.657143 0.794416 0.008571 0.020305
0 0.652857 0.808376 0.011429 0.017766
0 0.738929 0.941624 0.009286 0.020305
