0 0.978750 0.651000 0.013500 0.015333
0 0.032500 0.531667 0.004000 0.015333
0 0.240250 0.523667 0.005500 0.015333
0 0.246500 0.525667 0.007000 0.019333
0 0.291250 0.536333 0.005500 0.019333
0 0.264750 0.525667 0.002500 0.014000
0 0.251750 0.526333 0.005500 0.015333
0 0.342500 0.549000 0.005000 0.019333
0 0.458000 0.546333 0.007000 0.016667
0 0.473500 0.515667 0.003000 0.022000
0 0.417000 0.554667 0.004000 0.020000
0 0.423000 0.557000 0.004000 0.015333
0 0.660750 0.647000 0.008500 0.023333
0 0.569250 0.849667 0.013500 0.040667
0 0.574750 0.847667 0.007500 0.019333
0 0.524000 0.575333 0.004000 0.025333
0 0.131500 0.494333 0.006000 0.018000
0 0.245750 0.456333 0.005500 0.012667
0 0.262500 0.446667 0.007000 0.010667
0 0.437000 0.580667 0.008000 0.024000
0 0.491500 0.545000 0.007000 0.016667
0 0.527000 0.549333 0.010000 0.013333
