0 0.483571 0.335660 0.005714 0.016497
0 0.459643 0.381345 0.006429 0.016497
0 0.452500 0.420685 0.003571 0.016497
0 0.450000 0.428934 0.004286 0.020305
0 0.531786 0.401015 0.005000 0.017766
0 0.592857 0.461929 0.005714 0.020305
0 0.566786 0.427030 0.005000 0.019036
0 0.585000 0.543147 0.005714 0.022843
0 0.394643 0.394670 0.005000 0.017766
0 0.399286 0.408629 0.005714 0.017766
0 0.341786 0.391497 0.006429 0.021574
0 0.427857 0.527919 0.005714 0.020305
0 0.431071 0.520305 0.005000 0.020305
0 0.451429 0.381345 0.005714 0.019036
0 0.519643 0.258883 0.003571 0.017766
0 0.579643 0.265228 0.005000 0.017766
0 0.598571 0.177665 0.002857 0.015228
0 0.526071 0.161802 0.003571 0.016497
0 0.063929 0.351523 0.006429 0.020305
0 0.056786 0.351523 0.007857 0.020305
0 0.050714 0.351523 0.007143 0.020305
0 0.513571 0.149746 0.002857 0.015228
0 0.511429 0.137056 0.002857 0.017766
0 0.515357 0.135152 0.003571 0.013959
0 0.620000 0.204949 0.002857 0.016497
0 0.615000 0.198604 0.002857 0.013959
0 0.692500 0.241751 0.003571 0.016497
0 0.714286 0.430838 0.004286 0.016497
0 0.696429 0.335660 0.002857 0.019036
0 0.698929 0.336294 0.002143 0.015228
0 0.681429 0.274112 0.004286 0.017766
0 0.686429 0.208756 0.002857 0.016497
0 0.688929 0.210025 0.003571 0.013959
0 0.675714 0.193528 0.004286 0.013959
0 0.673214 0.178299 0.003571 0.013959
0 0.678571 0.186548 0.004286 0.015228
0 0.678571 0.180838 0.004286 0.016497
0 0.680357 0.146574 0.003571 0.013959
0 0.703571 0.226523 0.004286 0.016497
0 0.688571 0.189086 0.002857 0.015228
0 0.673571 0.126269 0.002857 0.011421
0 0.670714 0.125635 0.002857 0.010152
0 0.631071 0.104695 0.002143 0.013959
0 0.629286 0.104061 0.002857 0.015228
0 0.667857 0.050761 0.002857 0.012690
0 0.663214 0.021574 0.003571 0.012690
0 0.662500 0.077411 0.003571 0.015228
0 0.673214 0.083756 0.003571 0.015228
0 0.670714 0.083756 0.002857 0.012690
0 0.596786 0.028553 0.003571 0.013959
0 0.595714 0.037437 0.002857 0.013959
0 0.577500 0.067259 0.003571 0.010152
0 0.671071 0.010787 0.002143 0.011421
0 0.668571 0.006980 0.002857 0.011421
0 0.666071 0.005711 0.002143 0.011421
0 0.663571 0.007614 0.002857 0.010152
0 0.660714 0.008249 0.002857 0.008883
0 0.658571 0.009518 0.002857 0.011421
0 0.656071 0.053299 0.003571 0.015228
0 0.655357 0.047589 0.003571 0.016497
0 0.671071 0.114848 0.002143 0.013959
0 0.689286 0.166878 0.005714 0.013959
0 0.637857 0.640863 0.005714 0.025381
0 0.732857 0.687817 0.005714 0.022843
0 0.738571 0.688452 0.005714 0.021574
0 0.692857 0.697335 0.007143 0.024112
0 0.687857 0.692893 0.005714 0.022843
0 0.737857 0.772843 0.007143 0.027919
0 0.564643 0.947335 0.006429 0.029188
0 0.557857 0.960025 0.007143 0.026650
0 0.756429 0.991117 0.007143 0.015228
0 0.813929 0.958122 0.009286 0.025381
0 0.811786 0.949873 0.009286 0.026650
0 0.852857 0.916878 0.008571 0.021574
0 0.851071 0.905457 0.009286 0.021574
0 0.848214 0.905457 0.006429 0.021574
0 0.868929 0.873731 0.009286 0.029188
0 0.939286 0.934645 0.010000 0.026650
0 0.941786 0.836929 0.010714 0.026650
0 0.957500 0.847716 0.010714 0.025381
0 0.910714 0.840736 0.007143 0.024112
0 0.898571 0.810279 0.007143 0.024112
0 0.910357 0.810279 0.010714 0.021574
0 0.668571 0.117386 0.002857 0.011421
