0 0.265714 0.146190 0.011429 0.018095
0 0.331429 0.162381 0.010000 0.016190
0 0.337857 0.191905 0.005714 0.018095
0 0.347857 0.193810 0.005714 0.012381
0 0.357857 0.180476 0.007143 0.014286
0 0.361429 0.200000 0.007143 0.011429
0 0.380000 0.205238 0.005714 0.014286
0 0.360000 0.267619 0.005714 0.015238
0 0.357143 0.137619 0.011429 0.018095
0 0.790714 0.160000 0.010000 0.015238
0 0.658929 0.317143 0.009286 0.015238
0 0.805000 0.583333 0.010000 0.012381
0 0.368571 0.835714 0.008571 0.014286
0 0.366071 0.664762 0.009286 0.013333
0 0.318571 0.586667 0.010000 0.007619
0 0.414286 0.481905 0.008571 0.009524
0 0.421429 0.454762 0.005714 0.008571
0 0.404643 0.470952 0.005000 0.010476
0 0.392857 0.364286 0.008571 0.016190
0 0.401071 0.343810 0.007857 0.013333
0 0.442857 0.293333 0.005714 0.017143
0 0.386429 0.351429 0.005714 0.015238
0 0.358929 0.337143 0.007857 0.013333
0 0.413214 0.559048 0.007857 0.009524
