0 0.170714 0.638959 0.008571 0.034264
0 0.247143 0.666878 0.010000 0.036802
0 0.410357 0.713198 0.010714 0.043147
0 0.431071 0.712563 0.005000 0.021574
0 0.148929 0.643401 0.010714 0.040609
0 0.590714 0.717005 0.014286 0.038071
0 0.682500 0.766497 0.007857 0.035533
0 0.693571 0.744924 0.014286 0.043147
0 0.763214 0.561548 0.006429 0.024112
0 0.735357 0.609772 0.006429 0.026650
0 0.787500 0.024112 0.002143 0.007614
0 0.757857 0.082487 0.002857 0.010152
0 0.790714 0.402284 0.004286 0.015228
0 0.797500 0.375635 0.005000 0.017766
0 0.800714 0.368655 0.004286 0.019036
0 0.764643 0.282995 0.003571 0.015228
0 0.775000 0.250635 0.002857 0.019036
0 0.778571 0.161802 0.004286 0.016497
0 0.895357 0.123096 0.003571 0.012690
0 0.975000 0.258883 0.004286 0.020305
0 0.738929 0.029822 0.003571 0.008883
0 0.736429 0.027919 0.002857 0.010152
