0 0.261786 0.013333 0.012143 0.026667
0 0.238571 0.007619 0.005714 0.015238
0 0.233929 0.007619 0.007857 0.015238
0 0.276429 0.007619 0.008571 0.015238
0 0.863929 0.392381 0.010714 0.017143
0 0.858214 0.383810 0.016429 0.015238
0 0.227500 0.105238 0.010714 0.027619
0 0.241071 0.112381 0.013571 0.028571
0 0.218214 0.277143 0.006429 0.019048
0 0.105000 0.082857 0.011429 0.019048
0 0.292500 0.021905 0.010714 0.032381
0 0.330000 0.030476 0.010000 0.026667
0 0.342857 0.025714 0.007143 0.020952
0 0.337143 0.023333 0.005714 0.025714
0 0.323214 0.164762 0.007857 0.028571
0 0.316429 0.164762 0.008571 0.022857
0 0.317857 0.152381 0.010000 0.024762
0 0.302143 0.251429 0.010000 0.028571
0 0.223929 0.320952 0.016429 0.026667
0 0.209286 0.271429 0.014286 0.022857
0 0.182500 0.057619 0.010714 0.023810
0 0.190357 0.043810 0.010714 0.024762
0 0.107857 0.311905 0.014286 0.025714
0 0.183214 0.346190 0.010714 0.021905
0 0.187500 0.368095 0.006429 0.012381
0 0.217143 0.330000 0.008571 0.016190
0 0.241071 0.468095 0.013571 0.023810
0 0.308571 0.500476 0.012857 0.023810
0 0.327500 0.506667 0.010714 0.028571
0 0.256071 0.432857 0.016429 0.023810
0 0.311071 0.262381 0.013571 0.025714
0 0.310357 0.464286 0.015000 0.027619
0 0.330357 0.866190 0.015000 0.023810
0 0.322857 0.736190 0.012857 0.022857
0 0.192500 0.814286 0.022143 0.026667
0 0.170000 0.777143 0.021429 0.022857
0 0.184286 0.760952 0.018571 0.026667
0 0.333929 0.692857 0.017857 0.018095
0 0.331786 0.590000 0.012143 0.025714
0 0.346071 0.611905 0.015000 0.027619
0 0.321071 0.614762 0.013571 0.027619
