0 0.508571 0.836294 0.008571 0.020305
0 0.502857 0.812817 0.007143 0.024112
0 0.702857 0.719543 0.008571 0.025381
0 0.718571 0.720812 0.008571 0.025381
0 0.708571 0.909898 0.010000 0.020305
0 0.843214 0.899746 0.012143 0.020305
0 0.834643 0.826142 0.009286 0.022843
0 0.773929 0.775381 0.009286 0.020305
0 0.775000 0.800127 0.008571 0.021574
0 0.989286 0.806472 0.017143 0.024112
0 0.930357 0.293782 0.010714 0.024112
0 0.770000 0.086294 0.007143 0.022843
0 0.762857 0.088832 0.007143 0.017766
0 0.369286 0.312183 0.005714 0.022843
0 0.545000 0.516497 0.005714 0.027919
