0 0.937500 0.814286 0.020714 0.026667
0 0.927857 0.816190 0.015714 0.026667
0 0.535357 0.552857 0.006429 0.008571
0 0.548214 0.533333 0.006429 0.007619
0 0.390357 0.580952 0.003571 0.005714
0 0.421786 0.654762 0.006429 0.006667
0 0.285714 0.863333 0.007143 0.008571
0 0.286071 0.859048 0.005000 0.007619
0 0.286786 0.851429 0.006429 0.009524
0 0.208571 0.969524 0.007143 0.009524
0 0.203214 0.959524 0.005000 0.004762
0 0.207857 0.930952 0.004286 0.004762
0 0.204643 0.956667 0.005000 0.004762
0 0.206071 0.953810 0.005000 0.004762
0 0.296786 0.996190 0.009286 0.007619
