0 0.651429 0.092857 0.007143 0.035238
0 0.482500 0.897143 0.013571 0.022857
0 0.478929 0.921905 0.017857 0.030476
0 0.362500 0.805238 0.015000 0.014286
0 0.306429 0.817619 0.014286 0.027619
0 0.330714 0.802381 0.020000 0.021905
0 0.348214 0.807619 0.013571 0.022857
0 0.365357 0.866190 0.019286 0.012381
0 0.832500 0.121905 0.016429 0.038095
0 0.978214 0.174286 0.019286 0.038095
0 0.812500 0.051905 0.007857 0.021905
0 0.739286 0.130952 0.012857 0.025714
0 0.805714 0.043333 0.011429 0.025714
0 0.801786 0.024286 0.009286 0.027619
0 0.737143 0.125238 0.011429 0.033333
0 0.745714 0.058571 0.007143 0.020000
0 0.738571 0.050476 0.011429 0.020952
0 0.797857 0.015238 0.015714 0.030476
0 0.686429 0.039524 0.011429 0.023810
0 0.912857 0.214762 0.017143 0.021905
0 0.148214 0.339524 0.016429 0.018095
0 0.651071 0.012857 0.007857 0.023810
0 0.525000 0.918095 0.012857 0.019048
