0 0.143571 0.885238 0.011429 0.012381
0 0.207500 0.974762 0.009286 0.014286
0 0.227500 0.696667 0.010714 0.014286
0 0.227500 0.662381 0.010714 0.012381
0 0.185357 0.634762 0.012143 0.012381
0 0.213929 0.621905 0.013571 0.009524
0 0.187143 0.619524 0.011429 0.010476
0 0.175714 0.616667 0.008571 0.008571
0 0.197143 0.587619 0.012857 0.011429
0 0.214643 0.568571 0.012143 0.013333
0 0.219286 0.556190 0.007143 0.011429
0 0.209286 0.557619 0.008571 0.008571
0 0.244643 0.570476 0.009286 0.011429
0 0.226071 0.567143 0.009286 0.014286
0 0.306429 0.442857 0.014286 0.015238
0 0.357500 0.386190 0.009286 0.008571
0 0.367857 0.374286 0.007143 0.009524
0 0.362857 0.364762 0.007143 0.009524
0 0.418214 0.319524 0.007857 0.012381
0 0.445000 0.285714 0.010000 0.013333
0 0.525000 0.270476 0.008571 0.022857
0 0.538929 0.171905 0.009286 0.018095
0 0.578571 0.112857 0.010000 0.018095
0 0.554286 0.110952 0.005714 0.014286
0 0.615000 0.042857 0.010000 0.020952
0 0.619286 0.059524 0.007143 0.014286
0 0.640000 0.012857 0.008571 0.021905
0 0.505000 0.671905 0.010000 0.014286
0 0.528929 0.636667 0.009286 0.016190
0 0.601786 0.510000 0.007857 0.014286
0 0.521429 0.458571 0.008571 0.016190
