0 0.218571 0.401429 0.005714 0.008571
0 0.263929 0.437143 0.006429 0.009524
0 0.315000 0.325238 0.002857 0.006667
0 0.585000 0.728571 0.005714 0.013333
0 0.203214 0.364762 0.005000 0.009524
0 0.105357 0.330000 0.005000 0.010476
0 0.148571 0.370952 0.004286 0.010476
0 0.145357 0.687143 0.005000 0.008571
0 0.230714 0.680952 0.004286 0.017143
0 0.152500 0.684286 0.005000 0.012381
0 0.192500 0.673333 0.007857 0.015238
0 0.739643 0.739524 0.007857 0.010476
0 0.802143 0.782857 0.005714 0.017143
0 0.820000 0.803810 0.007143 0.017143
0 0.881429 0.834762 0.011429 0.014286
0 0.313571 0.438095 0.005714 0.019048
