0 0.120357 0.984286 0.012143 0.012381
0 0.191429 0.847143 0.010000 0.008571
0 0.498214 0.780476 0.010714 0.021905
0 0.469286 0.754286 0.011429 0.013333
0 0.433571 0.797143 0.007143 0.011429
0 0.338929 0.450476 0.009286 0.015238
0 0.315714 0.435238 0.007143 0.013333
0 0.321071 0.506190 0.007857 0.020000
0 0.628571 0.692381 0.007143 0.007619
0 0.621429 0.697619 0.005714 0.008571
0 0.609643 0.681905 0.005000 0.009524
0 0.613929 0.690952 0.007857 0.010476
0 0.674643 0.537619 0.006429 0.012381
0 0.677500 0.521905 0.005000 0.011429
0 0.644286 0.469048 0.005714 0.014286
0 0.663214 0.496190 0.005000 0.009524
0 0.637143 0.419048 0.007143 0.013333
0 0.633571 0.406190 0.007143 0.014286
0 0.551429 0.429048 0.005714 0.016190
0 0.545357 0.472381 0.006429 0.017143
0 0.537500 0.477143 0.006429 0.013333
0 0.513571 0.504286 0.005714 0.010476
0 0.548929 0.453810 0.006429 0.014286
0 0.563929 0.427619 0.007857 0.011429
0 0.561786 0.389048 0.007857 0.014286
0 0.579643 0.363333 0.009286 0.014286
0 0.596429 0.352381 0.005714 0.013333
0 0.628214 0.360476 0.006429 0.014286
0 0.642500 0.349048 0.006429 0.012381
0 0.637143 0.332381 0.007143 0.015238
0 0.626429 0.331905 0.005714 0.012381
0 0.633214 0.324286 0.006429 0.012381
0 0.641429 0.312857 0.008571 0.016190
0 0.770000 0.600000 0.010000 0.011429
0 0.778929 0.591429 0.009286 0.011429
0 0.789286 0.588095 0.007143 0.010476
0 0.652500 0.656190 0.010714 0.011429
