0 0.546071 0.447335 0.006429 0.021574
0 0.442857 0.238579 0.004286 0.012690
0 0.467143 0.289975 0.002857 0.016497
0 0.468929 0.289340 0.003571 0.015228
0 0.410357 0.189086 0.003571 0.012690
0 0.011071 0.461929 0.005000 0.020305
0 0.006071 0.463198 0.003571 0.020305
0 0.080714 0.339467 0.005714 0.016497
0 0.093929 0.360406 0.003571 0.015228
0 0.097500 0.361041 0.003571 0.016497
0 0.098929 0.343909 0.005000 0.017766
0 0.085357 0.333756 0.006429 0.017766
0 0.088571 0.328046 0.005714 0.016497
0 0.105357 0.346447 0.003571 0.012690
0 0.116429 0.317259 0.004286 0.017766
0 0.118571 0.336929 0.004286 0.016497
0 0.147143 0.263325 0.004286 0.013959
0 0.158929 0.252538 0.003571 0.010152
0 0.215714 0.161168 0.002857 0.010152
0 0.205000 0.175127 0.002857 0.010152
0 0.193571 0.181472 0.002857 0.010152
0 0.200000 0.174492 0.002857 0.008883
0 0.173571 0.231599 0.004286 0.011421
