0 0.486429 0.188452 0.004286 0.011421
0 0.457143 0.272208 0.002857 0.008883
0 0.475714 0.187183 0.002857 0.011421
0 0.471429 0.183376 0.004286 0.011421
0 0.455714 0.343274 0.004286 0.011421
0 0.452143 0.370558 0.002857 0.012690
0 0.455357 0.401015 0.003571 0.010152
0 0.446071 0.426396 0.002143 0.010152
0 0.426786 0.712563 0.003571 0.013959
0 0.434286 0.717640 0.004286 0.013959
0 0.429286 0.833122 0.004286 0.013959
0 0.417857 0.797589 0.004286 0.011421
0 0.418214 0.786802 0.003571 0.010152
0 0.415000 0.974619 0.004286 0.015228
