0 0.530714 0.348571 0.008571 0.028571
0 0.587500 0.375714 0.007857 0.031429
0 0.576786 0.360476 0.006429 0.029524
0 0.582857 0.367619 0.007143 0.022857
0 0.574643 0.380952 0.010714 0.020952
0 0.600714 0.276190 0.008571 0.013333
0 0.544286 0.370476 0.005714 0.026667
0 0.542143 0.366667 0.004286 0.013333
0 0.591429 0.308095 0.007143 0.023810
0 0.543214 0.255238 0.006429 0.019048
0 0.550000 0.253810 0.007143 0.021905
0 0.618929 0.311905 0.005000 0.027619
0 0.705000 0.336667 0.007143 0.027619
0 0.719286 0.333333 0.010000 0.028571
0 0.697857 0.313810 0.005714 0.025714
0 0.705714 0.323333 0.010000 0.020000
0 0.719643 0.383333 0.010714 0.033333
0 0.776429 0.360476 0.010000 0.027619
0 0.745714 0.382857 0.010000 0.030476
0 0.705000 0.381905 0.010000 0.030476
0 0.674643 0.446190 0.007857 0.033333
0 0.676071 0.426190 0.010714 0.029524
0 0.617857 0.440476 0.011429 0.035238
0 0.601071 0.431905 0.010714 0.035238
0 0.593571 0.479048 0.010000 0.030476
0 0.588929 0.484286 0.007857 0.025714
0 0.760357 0.333333 0.007857 0.026667
0 0.818214 0.315714 0.009286 0.029524
0 0.917857 0.543333 0.014286 0.040952
0 0.886429 0.298095 0.010000 0.024762
0 0.187143 0.592857 0.018571 0.042857
0 0.186429 0.648095 0.021429 0.039048
0 0.166429 0.722381 0.030000 0.037143
