0 0.707143 0.511429 0.011429 0.038095
0 0.611071 0.168571 0.003571 0.011429
0 0.619286 0.159048 0.002857 0.011429
0 0.546429 0.166667 0.002857 0.009524
0 0.504286 0.169524 0.002857 0.011429
0 0.496071 0.171905 0.002143 0.012381
0 0.470357 0.182857 0.002143 0.013333
0 0.471429 0.202857 0.004286 0.015238
0 0.676429 0.269524 0.002857 0.007619
0 0.635000 0.317619 0.005714 0.020000
0 0.667500 0.373333 0.006429 0.030476
0 0.604286 0.374762 0.005714 0.020000
0 0.587857 0.398571 0.007143 0.023810
0 0.428929 0.624286 0.012143 0.044762
0 0.439286 0.626190 0.012857 0.046667
0 0.353929 0.751429 0.016429 0.057143
0 0.369286 0.752857 0.012857 0.060000
0 0.150714 0.302381 0.007143 0.021905
