0 0.400000 0.641429 0.028571 0.061905
0 0.262500 0.628095 0.027857 0.065714
0 0.193571 0.624286 0.027143 0.067619
0 0.069643 0.591905 0.026429 0.061905
0 0.143929 0.698571 0.040714 0.063810
0 0.157500 0.684762 0.032143 0.064762
0 0.178571 0.449048 0.017143 0.050476
0 0.125357 0.367143 0.016429 0.035238
0 0.066429 0.520000 0.020000 0.053333
0 0.072500 0.507619 0.023571 0.045714
0 0.097857 0.454762 0.017143 0.025714
0 0.290357 0.590476 0.019286 0.062857
0 0.312143 0.587143 0.021429 0.048571
0 0.389286 0.534286 0.021429 0.049524
0 0.270357 0.534762 0.020714 0.042857
0 0.342143 0.508571 0.022857 0.043810
0 0.338214 0.486667 0.019286 0.047619
0 0.309643 0.475714 0.010714 0.040952
0 0.301071 0.470476 0.016429 0.043810
0 0.075357 0.330476 0.012143 0.028571
0 0.464643 0.359048 0.007857 0.032381
0 0.421786 0.346667 0.047857 0.030476
0 0.391786 0.330476 0.040714 0.028571
0 0.365357 0.312857 0.033571 0.031429
0 0.568929 0.405238 0.010714 0.035238
0 0.554286 0.375714 0.014286 0.035238
0 0.566429 0.340000 0.008571 0.028571
0 0.569643 0.317619 0.007857 0.027619
0 0.665000 0.368571 0.008571 0.034286
0 0.510357 0.320000 0.007857 0.026667
0 0.520000 0.327143 0.007143 0.014286
0 0.507857 0.320952 0.007143 0.022857
0 0.476786 0.321905 0.009286 0.028571
0 0.412143 0.286190 0.005714 0.020000
0 0.405357 0.285714 0.006429 0.022857
0 0.432500 0.294762 0.006429 0.021905
0 0.152857 0.240952 0.005714 0.011429
0 0.707143 0.371429 0.012857 0.032381
0 0.728929 0.428095 0.007857 0.040952
0 0.735357 0.428571 0.006429 0.026667
0 0.746071 0.412857 0.010714 0.037143
0 0.762500 0.423810 0.015000 0.040000
0 0.788929 0.445714 0.013571 0.041905
0 0.791786 0.422857 0.010714 0.040000
0 0.777857 0.401905 0.014286 0.034286
0 0.783929 0.393333 0.010714 0.032381
0 0.755714 0.482857 0.017143 0.041905
0 0.867500 0.310000 0.007857 0.025714
0 0.931786 0.289048 0.007857 0.023810
0 0.834643 0.317619 0.009286 0.021905
0 0.827857 0.322381 0.010000 0.025714
0 0.803214 0.337143 0.007857 0.028571
0 0.795000 0.336667 0.005714 0.025714
0 0.986429 0.279048 0.007143 0.024762
0 0.980000 0.292857 0.005714 0.018095
0 0.971786 0.293333 0.010714 0.024762
0 0.914643 0.323810 0.010714 0.028571
0 0.882857 0.326667 0.008571 0.030476
