0 0.714286 0.968095 0.014286 0.044762
0 0.721786 0.828095 0.015000 0.050476
0 0.755000 0.783810 0.018571 0.040000
0 0.775357 0.699048 0.009286 0.034286
0 0.809643 0.571429 0.007857 0.036190
0 0.816429 0.571905 0.008571 0.031429
0 0.870000 0.229524 0.005714 0.009524
0 0.863571 0.242381 0.005714 0.014286
0 0.867143 0.242857 0.005714 0.013333
0 0.883571 0.259524 0.005714 0.012381
0 0.882500 0.268095 0.005000 0.014286
0 0.878571 0.293810 0.005714 0.018095
0 0.862143 0.302381 0.005714 0.014286
0 0.868214 0.308571 0.005000 0.015238
0 0.868571 0.299048 0.005714 0.015238
0 0.880000 0.265714 0.005714 0.015238
0 0.706786 0.321429 0.005000 0.014286
0 0.091786 0.202381 0.003571 0.010476
0 0.093929 0.200952 0.005000 0.011429
0 0.110357 0.203333 0.003571 0.010476
0 0.113571 0.204286 0.004286 0.008571
0 0.103571 0.258095 0.005714 0.017143
0 0.101786 0.266190 0.006429 0.016190
0 0.241429 0.178095 0.004286 0.009524
0 0.257857 0.177619 0.002857 0.006667
0 0.163929 0.174762 0.003571 0.008571
