0 0.016429 0.249048 0.008571 0.020000
0 0.184643 0.947143 0.032143 0.080952
0 0.243214 0.895714 0.030714 0.065714
0 0.338929 0.829048 0.023571 0.067619
0 0.173214 0.529524 0.020714 0.047619
0 0.116429 0.342857 0.012857 0.019048
0 0.043929 0.277619 0.019286 0.031429
0 0.127500 0.198095 0.007857 0.015238
0 0.118571 0.209048 0.007143 0.018095
0 0.114286 0.209524 0.007143 0.017143
0 0.109643 0.196667 0.006429 0.020000
0 0.161786 0.167143 0.007857 0.018095
0 0.184286 0.165238 0.005714 0.016190
0 0.215000 0.174286 0.005714 0.015238
0 0.622143 0.170952 0.004286 0.008571
0 0.644286 0.192381 0.004286 0.017143
0 0.674643 0.136190 0.005000 0.009524
0 0.580000 0.316190 0.008571 0.024762
0 0.580000 0.336190 0.008571 0.017143
0 0.594286 0.310476 0.007143 0.015238
0 0.873571 0.348095 0.011429 0.033333
0 0.763571 0.191905 0.008571 0.021905
0 0.788214 0.170952 0.006429 0.016190
0 0.797857 0.179524 0.004286 0.016190
0 0.802500 0.178571 0.003571 0.014286
0 0.806429 0.178571 0.004286 0.014286
0 0.829286 0.208571 0.008571 0.019048
0 0.833571 0.231429 0.007143 0.020952
0 0.841071 0.207143 0.005000 0.016190
