0 0.359286 0.928571 0.020000 0.038095
0 0.350714 0.714286 0.021429 0.047619
0 0.408214 0.580952 0.013571 0.051429
0 0.433571 0.329524 0.015714 0.041905
0 0.421429 0.278571 0.011429 0.040952
0 0.416071 0.357143 0.015000 0.043810
0 0.354643 0.253333 0.015000 0.041905
0 0.387500 0.204286 0.013571 0.023810
0 0.373214 0.204286 0.012143 0.023810
0 0.376786 0.195714 0.010714 0.023810
0 0.942857 0.210476 0.024286 0.043810
0 0.769643 0.364286 0.019286 0.044762
0 0.972500 0.335238 0.016429 0.047619
0 0.975357 0.562381 0.027857 0.048571
0 0.923214 0.544762 0.017857 0.030476
