0 0.094643 0.160476 0.002143 0.004762
0 0.098214 0.174762 0.002143 0.004762
0 0.094643 0.178095 0.003571 0.005714
0 0.075000 0.110000 0.002857 0.004762
0 0.086429 0.419048 0.004286 0.007619
0 0.085357 0.389048 0.003571 0.006667
0 0.143571 0.380476 0.004286 0.008571
0 0.137500 0.368095 0.003571 0.008571
0 0.142500 0.370000 0.003571 0.006667
0 0.149286 0.378095 0.005714 0.009524
0 0.140357 0.341905 0.005000 0.009524
0 0.153571 0.331905 0.002857 0.006667
0 0.147143 0.342857 0.002857 0.007619
0 0.050000 0.257143 0.002857 0.005714
0 0.112857 0.256190 0.002857 0.007619
0 0.117500 0.255714 0.002143 0.004762
0 0.115714 0.256190 0.002857 0.005714
0 0.178214 0.473810 0.005000 0.008571
0 0.762143 0.681429 0.002857 0.006667
0 0.771429 0.683333 0.004286 0.006667
