0 0.058500 0.948000 0.014000 0.020000
0 0.161000 0.606000 0.009000 0.018667
0 0.129250 0.632667 0.010500 0.021333
0 0.402750 0.991667 0.013500 0.012667
0 0.734250 0.452667 0.004500 0.016000
0 0.719000 0.445667 0.006000 0.010000
0 0.709750 0.438333 0.005500 0.011333
0 0.710250 0.438000 0.003500 0.006667
0 0.703000 0.437333 0.005000 0.009333
0 0.694750 0.432667 0.005500 0.010667
0 0.644250 0.397333 0.004500 0.017333
0 0.658750 0.397333 0.004500 0.013333
0 0.426750 0.215000 0.003500 0.011333
0 0.442250 0.183667 0.012500 0.011333
0 0.466500 0.174000 0.003000 0.009333
0 0.498250 0.272333 0.009500 0.011333
0 0.675250 0.288333 0.003500 0.012667
0 0.665250 0.289667 0.003500 0.010000
