0 0.254643 0.191429 0.003571 0.011429
0 0.297857 0.198571 0.002857 0.008571
0 0.306786 0.200952 0.003571 0.011429
0 0.337857 0.215714 0.002857 0.008571
0 0.345357 0.215714 0.002143 0.008571
0 0.312857 0.381905 0.002857 0.007619
0 0.316071 0.381429 0.002143 0.008571
0 0.260714 0.436190 0.007143 0.011429
0 0.300714 0.450952 0.005714 0.025714
0 0.319643 0.499524 0.005000 0.016190
0 0.333571 0.586190 0.007143 0.021905
0 0.287143 0.575714 0.004286 0.018095
0 0.277143 0.577619 0.007143 0.025714
0 0.279643 0.695238 0.006429 0.020952
0 0.287857 0.700476 0.007143 0.023810
0 0.260357 0.615238 0.005000 0.017143
0 0.216786 0.657619 0.005000 0.014286
0 0.186429 0.729048 0.010000 0.021905
0 0.241429 0.810952 0.011429 0.037143
0 0.391786 0.467619 0.005000 0.011429
0 0.458929 0.320476 0.003571 0.014286
0 0.465357 0.316667 0.003571 0.014286
0 0.472143 0.316667 0.004286 0.016190
0 0.518214 0.348571 0.003571 0.015238
0 0.523571 0.313333 0.002857 0.009524
0 0.562857 0.340476 0.004286 0.012381
0 0.673571 0.061905 0.001429 0.007619
0 0.686786 0.074286 0.002143 0.009524
0 0.690714 0.073810 0.001429 0.008571
0 0.632500 0.159524 0.002143 0.010476
0 0.627500 0.157619 0.002143 0.008571
0 0.616786 0.164286 0.002143 0.008571
0 0.612143 0.185238 0.002857 0.012381
0 0.607500 0.183810 0.002143 0.009524
0 0.622143 0.192857 0.002857 0.010476
0 0.620000 0.210952 0.002857 0.010476
0 0.615357 0.210952 0.002143 0.010476
0 0.600357 0.257143 0.002143 0.013333
0 0.603571 0.255238 0.001429 0.009524
0 0.607143 0.255238 0.002857 0.007619
0 0.822857 0.316667 0.002857 0.006667
0 0.805357 0.343810 0.003571 0.007619
0 0.795357 0.382381 0.006429 0.008571
0 0.813214 0.366190 0.005000 0.006667
0 0.844643 0.427619 0.007857 0.007619
0 0.870000 0.413333 0.004286 0.009524
0 0.881071 0.407619 0.003571 0.013333
0 0.887500 0.413333 0.003571 0.011429
0 0.853214 0.362381 0.003571 0.014286
0 0.874286 0.333333 0.002857 0.013333
0 0.863929 0.310952 0.003571 0.014286
0 0.910357 0.324286 0.003571 0.012381
0 0.918214 0.340952 0.003571 0.013333
0 0.857143 0.283333 0.004286 0.016190
0 0.867857 0.271429 0.002857 0.015238
0 0.881786 0.253810 0.002143 0.012381
0 0.862857 0.254762 0.001429 0.006667
0 0.866429 0.256190 0.002857 0.009524
0 0.924643 0.416667 0.005000 0.018095
0 0.931786 0.347143 0.003571 0.012381
0 0.925714 0.333810 0.004286 0.010476
0 0.930714 0.324286 0.002857 0.010476
0 0.937857 0.330476 0.004286 0.013333
0 0.942143 0.343333 0.002857 0.012381
0 0.945357 0.333810 0.003571 0.010476
0 0.956071 0.339048 0.003571 0.011429
0 0.952500 0.355714 0.003571 0.014286
0 0.959643 0.350000 0.002143 0.010476
0 0.965714 0.335238 0.002857 0.011429
0 0.969643 0.359048 0.003571 0.017143
0 0.989643 0.339524 0.002143 0.012381
0 0.974643 0.346190 0.002143 0.010476
0 0.990714 0.353333 0.004286 0.009524
0 0.988929 0.364762 0.003571 0.011429
0 0.996786 0.352381 0.003571 0.011429
0 0.847143 0.561905 0.007143 0.017143
0 0.973571 0.655714 0.004286 0.016190
0 0.966786 0.651429 0.006429 0.022857
0 0.730000 0.472857 0.007143 0.010476
0 0.782500 0.368571 0.005000 0.015238
0 0.538571 0.460952 0.002857 0.019048
0 0.532143 0.476190 0.004286 0.017143
0 0.527857 0.474286 0.004286 0.015238
0 0.491429 0.451905 0.004286 0.014286
0 0.527857 0.447619 0.002857 0.011429
0 0.351429 0.262857 0.005714 0.015238
