0 0.342857 0.814762 0.005714 0.012381
0 0.309286 0.810000 0.004286 0.010476
0 0.314643 0.710476 0.003571 0.007619
0 0.317143 0.709048 0.002857 0.008571
0 0.350357 0.693333 0.003571 0.005714
0 0.346786 0.692857 0.002143 0.006667
0 0.345000 0.695238 0.002857 0.005714
0 0.413929 0.678571 0.002143 0.006667
0 0.415714 0.681905 0.002857 0.007619
0 0.452500 0.673333 0.003571 0.007619
0 0.474643 0.656190 0.002143 0.007619
0 0.477500 0.653810 0.002143 0.006667
0 0.533214 0.567619 0.002143 0.007619
0 0.535357 0.569048 0.002143 0.006667
0 0.556071 0.527619 0.002143 0.005714
0 0.557500 0.528571 0.002143 0.005714
0 0.561071 0.526190 0.002143 0.006667
0 0.596071 0.461429 0.002143 0.006667
0 0.598929 0.462381 0.002143 0.006667
0 0.601071 0.456190 0.002143 0.007619
0 0.603929 0.457143 0.002143 0.007619
0 0.606429 0.455714 0.002857 0.006667
0 0.618571 0.435714 0.002857 0.006667
0 0.621786 0.437143 0.002143 0.005714
0 0.629286 0.422381 0.001429 0.006667
0 0.630714 0.423333 0.002857 0.006667
0 0.640357 0.394286 0.002143 0.005714
0 0.645000 0.395238 0.002857 0.007619
0 0.646786 0.396190 0.002143 0.007619
