0 0.047857 0.777284 0.011429 0.013959
0 0.066429 0.760787 0.014286 0.019036
0 0.071786 0.751904 0.007857 0.011421
0 0.086071 0.741117 0.006429 0.015228
0 0.043929 0.690990 0.009286 0.013959
0 0.197143 0.627538 0.005714 0.019036
0 0.310714 0.115482 0.002857 0.010152
0 0.307500 0.135787 0.002143 0.010152
0 0.311071 0.147208 0.002143 0.010152
0 0.306071 0.109772 0.002143 0.011421
0 0.296071 0.430838 0.003571 0.013959
0 0.298214 0.423858 0.002143 0.012690
0 0.329286 0.812183 0.005714 0.012690
0 0.305714 0.788706 0.004286 0.019036
0 0.305000 0.774112 0.004286 0.020305
0 0.285000 0.731599 0.004286 0.021574
0 0.545714 0.649746 0.002857 0.015228
