0 0.365714 0.126190 0.011429 0.031429
0 0.515357 0.135714 0.007857 0.021905
0 0.564286 0.193333 0.011429 0.026667
0 0.382857 0.018571 0.011429 0.021905
0 0.687857 0.355714 0.011429 0.039048
0 0.700714 0.360476 0.011429 0.037143
0 0.841786 0.322381 0.012143 0.046667
0 0.965000 0.253810 0.011429 0.035238
0 0.973571 0.264286 0.008571 0.029524
0 0.960357 0.109048 0.006429 0.020000
0 0.969286 0.107619 0.011429 0.032381
0 0.804643 0.050476 0.003571 0.015238
0 0.813929 0.053333 0.009286 0.022857
0 0.476786 0.056667 0.003571 0.021905
