0 0.427250 0.337333 0.015500 0.045333
0 0.428500 0.281667 0.009000 0.043333
0 0.428000 0.236333 0.011000 0.036667
0 0.438000 0.261667 0.008000 0.038000
0 0.434250 0.254000 0.007500 0.036000
0 0.932500 0.261000 0.015000 0.040667
0 0.806500 0.097333 0.007000 0.021333
0 0.736250 0.089333 0.005500 0.024000
0 0.741750 0.090333 0.004500 0.022000
0 0.677250 0.073667 0.008500 0.023333
0 0.684500 0.073667 0.004000 0.022000
0 0.716250 0.061000 0.004500 0.012667
0 0.703500 0.043000 0.007000 0.022000
0 0.618250 0.093667 0.008500 0.018000
0 0.613250 0.096333 0.004500 0.016667
0 0.387250 0.068333 0.006500 0.015333
