0 0.050357 0.123333 0.007857 0.008571
0 0.046071 0.140476 0.009286 0.010476
0 0.077857 0.397619 0.007143 0.004762
0 0.064286 0.389048 0.007143 0.004762
0 0.486071 0.233810 0.005000 0.006667
0 0.365357 0.260952 0.006429 0.007619
0 0.836429 0.199048 0.005714 0.007619
0 0.823214 0.427143 0.006429 0.006667
0 0.521786 0.973333 0.003571 0.007619
0 0.518929 0.966667 0.003571 0.007619
0 0.515357 0.945238 0.005000 0.008571
0 0.513214 0.935714 0.003571 0.008571
0 0.557500 0.382381 0.005000 0.006667
0 0.338929 0.612857 0.005000 0.006667
