0 0.234500 0.041333 0.017000 0.025333
0 0.288750 0.012333 0.012500 0.022000
0 0.466500 0.488333 0.009000 0.014000
0 0.518000 0.733000 0.008000 0.015333
0 0.518750 0.742333 0.006500 0.012667
0 0.663500 0.327333 0.011000 0.010667
0 0.943750 0.113000 0.014500 0.010000
0 0.958000 0.095667 0.019000 0.018000
0 0.987250 0.132000 0.022500 0.016000
0 0.899000 0.240333 0.018000 0.012667
0 0.975000 0.274667 0.014000 0.008000
0 0.977000 0.279667 0.017000 0.012667
0 0.949500 0.317000 0.021000 0.012667
0 0.965500 0.313667 0.019000 0.011333
0 0.987750 0.337667 0.010500 0.008667
0 0.940500 0.307667 0.008000 0.006000
0 0.929250 0.476667 0.017500 0.009333
0 0.940750 0.477333 0.016500 0.012000
0 0.767500 0.342000 0.013000 0.012000
0 0.782250 0.318667 0.008500 0.008000
0 0.834250 0.618667 0.019500 0.010667
