0 0.361429 0.175714 0.004286 0.016190
0 0.344643 0.261905 0.007857 0.022857
0 0.335357 0.262857 0.005000 0.020952
0 0.324286 0.181429 0.002857 0.018095
0 0.310000 0.438571 0.008571 0.025714
0 0.400000 0.027143 0.004286 0.020000
0 0.395357 0.026667 0.005000 0.017143
0 0.383929 0.146190 0.007857 0.023810
0 0.637500 0.364762 0.002143 0.022857
0 0.632143 0.365238 0.004286 0.018095
0 0.615000 0.088571 0.005714 0.019048
0 0.682143 0.431429 0.004286 0.017143
0 0.677143 0.430000 0.004286 0.014286
0 0.671071 0.543333 0.005000 0.027619
0 0.467500 0.238095 0.009286 0.017143
