0 0.042857 0.208095 0.008571 0.008571
0 0.082143 0.210476 0.008571 0.009524
0 0.425714 0.151429 0.004286 0.009524
0 0.334286 0.398095 0.005714 0.007619
0 0.338214 0.393810 0.005000 0.006667
0 0.864286 0.028095 0.007143 0.010476
0 0.825000 0.053810 0.005714 0.010476
0 0.870000 0.042857 0.007143 0.007619
0 0.852500 0.050000 0.006429 0.008571
0 0.856429 0.045238 0.007143 0.008571
0 0.858214 0.049048 0.003571 0.006667
0 0.917857 0.073333 0.005714 0.009524
0 0.902857 0.065714 0.008571 0.013333
0 0.887500 0.057143 0.005000 0.009524
0 0.885357 0.052381 0.006429 0.015238
0 0.952857 0.053810 0.005714 0.012381
0 0.982500 0.213333 0.009286 0.007619
0 0.973571 0.243333 0.008571 0.006667
0 0.562500 0.771905 0.003571 0.004762
0 0.438214 0.423810 0.003571 0.005714
0 0.639286 0.590952 0.002857 0.006667
