0 0.658214 0.788095 0.006429 0.014286
0 0.350000 0.856190 0.007143 0.024762
0 0.189643 0.874286 0.007857 0.026667
0 0.262143 0.900000 0.008571 0.026667
0 0.256786 0.898571 0.006429 0.031429
0 0.251786 0.895238 0.005000 0.026667
0 0.316071 0.716667 0.005000 0.016190
0 0.488571 0.729524 0.005714 0.017143
0 0.496071 0.720952 0.003571 0.015238
0 0.512143 0.712381 0.004286 0.017143
0 0.526429 0.700952 0.002857 0.009524
0 0.522857 0.699048 0.004286 0.015238
0 0.469286 0.628095 0.002857 0.010476
0 0.445714 0.624286 0.002857 0.008571
0 0.487500 0.592857 0.002143 0.006667
0 0.480357 0.588571 0.002143 0.007619
0 0.490357 0.587143 0.002143 0.006667
0 0.487857 0.587143 0.002857 0.008571
0 0.489643 0.580952 0.002143 0.007619
0 0.506786 0.571905 0.002143 0.006667
