0 0.570357 0.751905 0.016429 0.029524
0 0.527143 0.456190 0.007143 0.022857
0 0.495357 0.337619 0.006429 0.021905
0 0.486429 0.344762 0.007143 0.022857
0 0.431786 0.426190 0.007857 0.023810
0 0.428214 0.431429 0.005000 0.017143
0 0.330000 0.400952 0.007143 0.020952
0 0.327857 0.397143 0.007143 0.022857
0 0.200000 0.441905 0.010000 0.024762
0 0.197500 0.445714 0.012143 0.024762
0 0.053571 0.479048 0.012857 0.028571
0 0.142143 0.381905 0.011429 0.024762
0 0.143214 0.567619 0.010714 0.026667
0 0.174286 0.567143 0.011429 0.025714
0 0.191786 0.301905 0.006429 0.019048
0 0.416429 0.256190 0.004286 0.017143
0 0.499286 0.273810 0.005714 0.016190
0 0.502500 0.285238 0.005000 0.016190
0 0.506429 0.279524 0.004286 0.016190
0 0.463571 0.187619 0.004286 0.013333
0 0.464643 0.185238 0.003571 0.012381
0 0.449643 0.680952 0.013571 0.030476
0 0.548929 0.701429 0.016429 0.027619
