0 0.583214 0.963333 0.026429 0.040952
0 0.510357 0.747143 0.025000 0.025714
0 0.585000 0.664286 0.017143 0.040952
0 0.636429 0.716190 0.021429 0.049524
0 0.540714 0.615238 0.021429 0.049524
0 0.626429 0.603810 0.024286 0.041905
0 0.412857 0.654762 0.021429 0.021905
0 0.499286 0.529524 0.018571 0.041905
0 0.518571 0.515238 0.020000 0.047619
0 0.484643 0.515714 0.019286 0.040952
0 0.736071 0.472857 0.019286 0.031429
0 0.743214 0.471429 0.009286 0.034286
0 0.671786 0.060476 0.015000 0.035238
0 0.798929 0.123810 0.012143 0.034286
0 0.856071 0.185238 0.019286 0.035238
0 0.961429 0.248095 0.022857 0.039048
0 0.962500 0.211905 0.019286 0.029524
