0 0.272500 0.737944 0.013571 0.019036
0 0.268929 0.724619 0.013571 0.017766
0 0.195000 0.114213 0.011429 0.022843
0 0.305000 0.265863 0.015714 0.013959
0 0.270714 0.565990 0.017143 0.015228
0 0.502143 0.098985 0.010000 0.017766
0 0.637500 0.276650 0.010714 0.017766
0 0.687143 0.331853 0.014286 0.016497
0 0.852500 0.170051 0.013571 0.025381
0 0.817857 0.293147 0.014286 0.017766
0 0.822143 0.274746 0.012857 0.016497
0 0.963571 0.472716 0.014286 0.019036
0 0.963571 0.403553 0.014286 0.017766
0 0.966429 0.384518 0.017143 0.017766
0 0.977143 0.362944 0.017143 0.017766
0 0.991429 0.379442 0.017143 0.017766
0 0.960357 0.532360 0.017857 0.019036
0 0.967143 0.506980 0.015714 0.024112
0 0.705714 0.223985 0.011429 0.016497
0 0.401429 0.708122 0.014286 0.017766
0 0.513571 0.347081 0.010000 0.013959
0 0.497500 0.331218 0.010714 0.017766
