0 0.106786 0.940476 0.047857 0.117143
0 0.015714 0.880476 0.031429 0.077143
0 0.056429 0.525714 0.032857 0.072381
0 0.037857 0.537619 0.030000 0.065714
0 0.087143 0.276190 0.010000 0.026667
0 0.070714 0.298095 0.011429 0.028571
0 0.080357 0.270476 0.009286 0.024762
0 0.070714 0.240476 0.010000 0.023810
0 0.076786 0.248095 0.005000 0.018095
0 0.064286 0.225714 0.005714 0.009524
0 0.157500 0.259048 0.009286 0.020952
0 0.136071 0.249524 0.005000 0.013333
0 0.135357 0.249524 0.007857 0.017143
0 0.101429 0.227143 0.007143 0.018095
0 0.098929 0.238095 0.007857 0.013333
0 0.103929 0.202381 0.003571 0.008571
0 0.099643 0.194762 0.003571 0.010476
0 0.120357 0.193333 0.005000 0.011429
0 0.085714 0.314762 0.015714 0.033333
0 0.097143 0.570476 0.037143 0.064762
0 0.013929 0.595714 0.027857 0.073333
0 0.282500 0.192381 0.003571 0.009524
0 0.276429 0.192857 0.002857 0.010476
0 0.273929 0.191429 0.003571 0.009524
0 0.270714 0.190000 0.004286 0.010476
0 0.223214 0.180000 0.002143 0.005714
0 0.230357 0.183333 0.003571 0.004762
0 0.477143 0.244762 0.005714 0.019048
0 0.485714 0.250952 0.005714 0.018095
0 0.481071 0.254762 0.005000 0.012381
0 0.532500 0.260476 0.006429 0.023810
0 0.471786 0.256667 0.005000 0.016190
0 0.552857 0.280952 0.007143 0.020952
0 0.600000 0.285714 0.007143 0.020952
0 0.603214 0.282857 0.006429 0.020952
0 0.888929 0.284286 0.006429 0.018095
0 0.901786 0.286190 0.005000 0.016190
0 0.898571 0.286190 0.004286 0.016190
0 0.899286 0.274286 0.005714 0.017143
0 0.890357 0.274762 0.006429 0.014286
0 0.913571 0.304762 0.008571 0.020952
0 0.921786 0.305238 0.009286 0.020000
