0 0.313214 0.328571 0.003571 0.013333
0 0.306786 0.336667 0.003571 0.012381
0 0.319286 0.345238 0.002857 0.010476
0 0.327857 0.366190 0.002857 0.010476
0 0.322500 0.367619 0.003571 0.009524
0 0.335357 0.415714 0.003571 0.010476
0 0.349286 0.387143 0.002857 0.012381
0 0.392857 0.494762 0.004286 0.014286
0 0.357857 0.516190 0.002857 0.009524
0 0.364286 0.523333 0.004286 0.014286
0 0.323214 0.591905 0.005000 0.016190
0 0.331786 0.771905 0.006429 0.027619
0 0.383929 0.690000 0.009286 0.031429
0 0.395000 0.691905 0.005714 0.027619
0 0.416071 0.511429 0.007857 0.024762
0 0.342143 0.314762 0.004286 0.016190
0 0.376786 0.136190 0.002143 0.003810
0 0.383214 0.141429 0.002143 0.004762
0 0.397500 0.165714 0.002143 0.003810
0 0.333214 0.216190 0.005000 0.007619
0 0.325000 0.218095 0.002857 0.005714
