0 0.693929 0.330476 0.015000 0.038095
0 0.385714 0.414762 0.017143 0.040952
0 0.361786 0.370952 0.013571 0.039048
0 0.354286 0.321429 0.011429 0.039048
0 0.195357 0.232381 0.013571 0.038095
0 0.227143 0.228571 0.012857 0.032381
0 0.259286 0.138095 0.012857 0.030476
0 0.142500 0.017143 0.007857 0.019048
0 0.073214 0.017143 0.010714 0.020952
0 0.056071 0.008571 0.006429 0.017143
0 0.066786 0.008095 0.006429 0.016190
0 0.127143 0.073810 0.010000 0.021905
0 0.113571 0.071905 0.010000 0.023810
0 0.113571 0.075714 0.008571 0.020000
0 0.138571 0.113333 0.008571 0.024762
0 0.133571 0.107143 0.007143 0.025714
0 0.127857 0.096667 0.007143 0.021905
0 0.125000 0.115238 0.005714 0.017143
0 0.140000 0.130476 0.008571 0.017143
0 0.144286 0.144762 0.010000 0.015238
