0 0.020714 0.217143 0.010000 0.034286
0 0.113214 0.169048 0.013571 0.029524
0 0.178571 0.140952 0.010000 0.022857
0 0.185714 0.141429 0.008571 0.025714
0 0.515714 0.108571 0.005714 0.019048
0 0.444643 0.268095 0.009286 0.029524
0 0.440714 0.302857 0.010000 0.032381
0 0.555000 0.301429 0.010000 0.021905
0 0.552143 0.285714 0.010000 0.026667
0 0.532857 0.233333 0.007143 0.019048
0 0.525357 0.109524 0.006429 0.017143
0 0.602143 0.265714 0.010000 0.034286
0 0.578214 0.120952 0.005000 0.013333
0 0.582857 0.122857 0.004286 0.011429
0 0.628929 0.151429 0.007857 0.019048
0 0.590357 0.154286 0.005000 0.020952
0 0.611786 0.513810 0.017857 0.048571
0 0.493929 0.150000 0.009286 0.021905
0 0.028929 0.221905 0.013571 0.032381
