0 0.525714 0.407619 0.014286 0.032381
0 0.746429 0.466190 0.011429 0.029524
0 0.673571 0.375714 0.011429 0.029524
0 0.873214 0.493810 0.019286 0.039048
0 0.774643 0.448571 0.013571 0.030476
0 0.785000 0.823810 0.024286 0.057143
0 0.723214 0.700952 0.019286 0.043810
0 0.360714 0.371905 0.007143 0.037143
0 0.295357 0.358095 0.010714 0.034286
0 0.755000 0.423333 0.010000 0.029524
0 0.684643 0.356667 0.009286 0.023810
0 0.696429 0.350952 0.007143 0.025714
0 0.705000 0.277143 0.005714 0.020952
0 0.711071 0.277619 0.006429 0.020000
0 0.710714 0.267143 0.005714 0.021905
0 0.736429 0.207143 0.005714 0.016190
0 0.724286 0.192857 0.005714 0.016190
0 0.752857 0.143333 0.002857 0.010476
0 0.750714 0.133333 0.004286 0.015238
0 0.748571 0.162381 0.004286 0.014286
0 0.887857 0.128095 0.005714 0.012381
0 0.870714 0.099048 0.004286 0.011429
0 0.880714 0.119524 0.004286 0.010476
0 0.534286 0.766190 0.020000 0.040952
0 0.713929 0.227619 0.005000 0.020952
0 0.982500 0.949048 0.022143 0.067619
0 0.572143 0.963333 0.030000 0.067619
