0 0.894286 0.320000 0.014286 0.030476
0 0.903214 0.320476 0.009286 0.027619
0 0.612857 0.522857 0.012857 0.038095
0 0.647857 0.520000 0.014286 0.047619
0 0.690357 0.501905 0.016429 0.038095
0 0.169643 0.019524 0.006429 0.020000
0 0.303929 0.071905 0.007857 0.023810
0 0.291429 0.067619 0.007143 0.024762
0 0.278929 0.065238 0.007857 0.023810
0 0.285357 0.063810 0.006429 0.022857
0 0.275000 0.060952 0.007143 0.020952
0 0.302143 0.060952 0.007143 0.020952
0 0.282143 0.247619 0.011429 0.040000
0 0.222143 0.043333 0.007143 0.021905
0 0.324286 0.076190 0.007143 0.022857
0 0.346429 0.088571 0.008571 0.028571
