0 0.352250 0.189667 0.002500 0.010000
0 0.349750 0.189667 0.003500 0.010000
0 0.393250 0.535000 0.009500 0.019333
0 0.464750 0.524333 0.007500 0.018000
0 0.413000 0.617000 0.006000 0.028667
0 0.109250 0.456000 0.006500 0.024000
0 0.123250 0.473000 0.006500 0.027333
0 0.100000 0.456667 0.008000 0.021333
0 0.094500 0.458333 0.008000 0.024667
0 0.138000 0.507333 0.008000 0.026667
0 0.211750 0.580667 0.008500 0.025333
0 0.231500 0.621000 0.008000 0.027333
0 0.197000 0.643667 0.008000 0.028667
0 0.404000 0.901000 0.012000 0.039333
0 0.478500 0.695000 0.007000 0.030000
0 0.442750 0.899000 0.014500 0.028667
0 0.767000 0.726333 0.010000 0.036667
0 0.768750 0.721333 0.017500 0.036000
0 0.507750 0.728333 0.011500 0.024667
0 0.563500 0.777333 0.008000 0.030667
0 0.567000 0.516000 0.006000 0.026667
0 0.599000 0.592333 0.009000 0.024667
0 0.621000 0.622333 0.009000 0.024667
