0 0.431071 0.020476 0.012143 0.037143
0 0.593214 0.421905 0.016429 0.032381
0 0.762500 0.605238 0.030714 0.035238
0 0.636786 0.069524 0.016429 0.040000
0 0.650000 0.027143 0.012857 0.040952
0 0.560000 0.029524 0.015714 0.040000
0 0.526786 0.197143 0.010714 0.041905
0 0.489643 0.112381 0.010714 0.040000
0 0.498214 0.185714 0.017857 0.034286
0 0.490714 0.158571 0.014286 0.039048
0 0.530357 0.174762 0.010714 0.035238
0 0.530000 0.162857 0.012857 0.034286
0 0.612500 0.843333 0.017857 0.039048
0 0.498571 0.060952 0.011429 0.036190
