0 0.601429 0.022381 0.004286 0.018095
0 0.606786 0.022857 0.005000 0.019048
0 0.617857 0.019048 0.005714 0.019048
0 0.596786 0.094762 0.005000 0.027619
0 0.551786 0.143810 0.012143 0.032381
0 0.583571 0.121429 0.008571 0.020000
0 0.660000 0.065238 0.007143 0.020000
0 0.669643 0.149048 0.009286 0.027619
0 0.770714 0.069048 0.008571 0.020000
0 0.784643 0.068571 0.007857 0.022857
0 0.777500 0.033333 0.006429 0.019048
0 0.784286 0.037619 0.005714 0.020000
0 0.791071 0.035238 0.007857 0.020952
0 0.810357 0.098095 0.006429 0.026667
0 0.816071 0.093810 0.006429 0.027619
0 0.824286 0.096667 0.008571 0.027619
0 0.843214 0.103333 0.007857 0.025714
0 0.843571 0.087619 0.008571 0.024762
0 0.872143 0.140000 0.005714 0.024762
0 0.795357 0.044762 0.003571 0.013333
0 0.876429 0.141429 0.004286 0.023810
0 0.973571 0.220476 0.008571 0.035238
0 0.981429 0.222857 0.008571 0.034286
