0 0.969286 0.658571 0.034286 0.039048
0 0.400000 0.101429 0.015714 0.029524
0 0.395357 0.106667 0.013571 0.024762
0 0.391786 0.105714 0.016429 0.028571
0 0.501071 0.166190 0.010714 0.035238
0 0.510000 0.164286 0.008571 0.033333
0 0.503214 0.150000 0.009286 0.027619
0 0.512143 0.144762 0.010000 0.030476
0 0.499286 0.128095 0.014286 0.031429
0 0.526071 0.116667 0.012143 0.014286
0 0.540714 0.132857 0.010000 0.014286
0 0.542143 0.117143 0.012857 0.015238
0 0.554643 0.163810 0.012143 0.020952
0 0.570000 0.163333 0.012857 0.021905
0 0.589643 0.135238 0.009286 0.024762
0 0.219643 0.141429 0.012143 0.035238
0 0.206786 0.140000 0.015000 0.036190
