0 0.345000 0.951333 0.009000 0.024000
0 0.363000 0.900667 0.007000 0.016000
0 0.358250 0.816000 0.006500 0.018667
0 0.219750 0.452667 0.003500 0.008000
0 0.775750 0.555333 0.003500 0.013333
0 0.780250 0.556000 0.002500 0.008000
0 0.777750 0.552000 0.003500 0.013333
0 0.782750 0.552000 0.003500 0.012000
0 0.408500 0.603667 0.006000 0.010000
0 0.447250 0.582333 0.003500 0.011333
0 0.451750 0.583333 0.003500 0.014667
0 0.461500 0.640667 0.004000 0.013333
0 0.484000 0.654333 0.005000 0.015333
0 0.465250 0.675667 0.005500 0.016667
0 0.470750 0.677667 0.004500 0.014000
