0 0.245714 0.680952 0.005714 0.005714
0 0.242143 0.676667 0.005714 0.006667
0 0.238929 0.672857 0.005000 0.004762
0 0.375357 0.607143 0.005000 0.006667
0 0.380000 0.621429 0.002857 0.004762
0 0.376071 0.630476 0.003571 0.005714
0 0.380000 0.630952 0.004286 0.004762
0 0.385000 0.617619 0.004286 0.004762
0 0.385000 0.603810 0.004286 0.005714
0 0.387857 0.608571 0.004286 0.003810
0 0.392500 0.602857 0.003571 0.005714
0 0.395000 0.604762 0.004286 0.005714
0 0.403571 0.596667 0.005714 0.006667
0 0.460714 0.580952 0.002857 0.005714
0 0.464286 0.577619 0.004286 0.008571
0 0.470000 0.585714 0.004286 0.005714
0 0.465000 0.591905 0.002857 0.006667
0 0.424286 0.582381 0.004286 0.002857
0 0.528214 0.660476 0.003571 0.004762
0 0.530714 0.658571 0.004286 0.004762
0 0.572857 0.796190 0.004286 0.009524
0 0.577500 0.796667 0.002143 0.006667
0 0.576786 0.808095 0.003571 0.008571
0 0.595357 0.851905 0.003571 0.008571
0 0.580357 0.794286 0.003571 0.007619
