0 0.388214 0.517143 0.003571 0.015238
0 0.471786 0.880952 0.010714 0.038095
0 0.479643 0.683810 0.009286 0.034286
0 0.462500 0.506190 0.003571 0.016190
0 0.446071 0.461905 0.005000 0.015238
0 0.450714 0.392857 0.004286 0.014286
0 0.441786 0.390476 0.003571 0.013333
0 0.434643 0.387619 0.003571 0.011429
0 0.455000 0.301905 0.002857 0.009524
0 0.478571 0.262381 0.002857 0.008571
0 0.489286 0.241429 0.001429 0.010476
0 0.492500 0.127619 0.002143 0.005714
0 0.545714 0.146190 0.002857 0.004762
0 0.492143 0.173810 0.001429 0.004762
0 0.592857 0.163333 0.002857 0.006667
0 0.587857 0.194286 0.001429 0.007619
0 0.605000 0.196667 0.002857 0.006667
0 0.603929 0.180952 0.002143 0.007619
0 0.600000 0.221429 0.002857 0.006667
0 0.596071 0.235714 0.002143 0.006667
0 0.592857 0.236190 0.002857 0.007619
0 0.600357 0.240952 0.002143 0.005714
0 0.602857 0.281905 0.002857 0.007619
0 0.608571 0.277143 0.002857 0.011429
0 0.634286 0.307619 0.001429 0.007619
0 0.633929 0.317619 0.002143 0.008571
0 0.620357 0.265714 0.002143 0.003810
0 0.557500 0.281905 0.002143 0.005714
0 0.552857 0.349524 0.002857 0.005714
0 0.602857 0.302381 0.004286 0.004762
0 0.605000 0.319524 0.004286 0.004762
0 0.611071 0.234762 0.003571 0.006667
0 0.656786 0.688095 0.006429 0.012381
