0 0.813929 0.033810 0.007857 0.010476
0 0.789286 0.074286 0.005714 0.015238
0 0.795714 0.071905 0.004286 0.008571
0 0.737500 0.029524 0.005000 0.013333
0 0.739286 0.053333 0.005714 0.009524
0 0.737857 0.464286 0.005714 0.008571
0 0.739643 0.680952 0.006429 0.007619
0 0.742143 0.688571 0.007143 0.007619
0 0.779286 0.905714 0.007143 0.013333
0 0.806071 0.945714 0.006429 0.009524
0 0.803571 0.951905 0.005714 0.008571
0 0.739643 0.934286 0.006429 0.009524
0 0.736786 0.940476 0.006429 0.012381
0 0.734286 0.980952 0.005714 0.013333
0 0.740714 0.982381 0.004286 0.010476
