0 0.267883 0.851145 0.035050 0.055344
0 0.218526 0.871660 0.029328 0.050573
0 0.150930 0.781011 0.024320 0.042939
0 0.301502 0.668893 0.019313 0.053435
0 0.208512 0.526718 0.020744 0.040076
0 0.170959 0.498569 0.021459 0.050573
0 0.172031 0.455153 0.019313 0.051527
0 0.147353 0.457061 0.021459 0.040076
0 0.176323 0.386450 0.015021 0.040076
0 0.588698 0.749523 0.020029 0.056298
0 0.625894 0.784351 0.022890 0.045802
0 0.087983 0.442748 0.012876 0.038168
0 0.100501 0.416031 0.020744 0.022901
0 0.092275 0.422233 0.020029 0.025763
0 0.120887 0.372137 0.012876 0.032443
0 0.202432 0.469466 0.027182 0.041985
0 0.106938 0.367366 0.016452 0.036260
0 0.077611 0.292939 0.017883 0.036260
0 0.085479 0.269561 0.013591 0.035305
0 0.163448 0.176050 0.009299 0.027672
0 0.170243 0.174141 0.008584 0.025763
0 0.234979 0.136450 0.009299 0.024809
0 0.265021 0.093989 0.005007 0.023855
0 0.270744 0.091126 0.006438 0.025763
0 0.258584 0.084447 0.006438 0.018130
0 0.262876 0.080630 0.006438 0.018130
0 0.261445 0.071565 0.006438 0.017176
0 0.233190 0.025763 0.005722 0.013359
0 0.221388 0.012882 0.006438 0.016221
0 0.125536 0.173664 0.009299 0.026718
0 0.093348 0.215649 0.012160 0.022901
0 0.086195 0.246183 0.010730 0.030534
0 0.087983 0.235210 0.011445 0.023855
0 0.079041 0.235687 0.007868 0.024809
0 0.082976 0.227099 0.012876 0.019084
0 0.074750 0.224237 0.009299 0.022901
0 0.128398 0.235210 0.010730 0.020038
0 0.115165 0.238550 0.011445 0.020992
0 0.133405 0.232347 0.013591 0.023855
0 0.133763 0.224237 0.011445 0.032443
0 0.138770 0.215649 0.008584 0.030534
0 0.135908 0.196088 0.011445 0.027672
0 0.157010 0.203721 0.012160 0.027672
0 0.154506 0.221374 0.011445 0.026718
0 0.160944 0.251431 0.012876 0.035305
0 0.181330 0.268130 0.012160 0.024809
0 0.190987 0.267176 0.012876 0.019084
0 0.187411 0.258588 0.007153 0.019084
0 0.195279 0.255248 0.005722 0.021947
0 0.189914 0.250954 0.006438 0.015267
0 0.181688 0.245706 0.008584 0.023855
0 0.172389 0.241412 0.010014 0.032443
0 0.193491 0.241412 0.009299 0.020992
0 0.185980 0.240935 0.007153 0.020038
0 0.189199 0.236164 0.010730 0.020038
0 0.170243 0.213740 0.008584 0.019084
0 0.227468 0.329676 0.008584 0.027672
0 0.211373 0.324905 0.010730 0.031489
0 0.217454 0.320134 0.007153 0.029580
0 0.218884 0.330630 0.011445 0.033397
0 0.234979 0.338263 0.009299 0.027672
0 0.255007 0.344943 0.015021 0.037214
0 0.260014 0.344466 0.009299 0.020992
0 0.230329 0.314408 0.008584 0.025763
0 0.249285 0.323950 0.010730 0.027672
0 0.244278 0.320134 0.007868 0.029580
0 0.263948 0.311546 0.010014 0.021947
0 0.257153 0.315363 0.007868 0.027672
0 0.317954 0.322996 0.007868 0.035305
0 0.322604 0.308683 0.011445 0.029580
0 0.414878 0.376431 0.011445 0.035305
0 0.385908 0.361641 0.013591 0.040076
0 0.291845 0.315840 0.010014 0.032443
0 0.284692 0.306775 0.005722 0.023855
0 0.305436 0.300095 0.007153 0.016221
0 0.312232 0.302004 0.007868 0.023855
0 0.324392 0.293893 0.009299 0.022901
0 0.319742 0.291031 0.008584 0.020992
0 0.302575 0.318702 0.005722 0.015267
0 0.301502 0.308206 0.009299 0.026718
0 0.350858 0.290553 0.009299 0.021947
0 0.354435 0.283874 0.012160 0.020038
0 0.335479 0.293416 0.007153 0.025763
0 0.327611 0.287691 0.010014 0.021947
0 0.324750 0.259542 0.007153 0.026718
0 0.359442 0.272424 0.007868 0.025763
0 0.360515 0.266221 0.008584 0.030534
0 0.345494 0.281011 0.007153 0.018130
0 0.352647 0.270038 0.007153 0.017176
0 0.347282 0.267176 0.005007 0.017176
0 0.343348 0.265744 0.005722 0.010496
0 0.351574 0.258588 0.009299 0.017176
0 0.344063 0.255725 0.007153 0.017176
0 0.346567 0.238073 0.010730 0.021947
0 0.328684 0.227099 0.009299 0.030534
0 0.322604 0.221851 0.007153 0.025763
0 0.321888 0.211355 0.008584 0.023855
0 0.313305 0.177481 0.005722 0.022901
0 0.308298 0.180344 0.007153 0.026718
0 0.341559 0.211832 0.009299 0.026718
0 0.351216 0.308206 0.008584 0.028626
0 0.335479 0.330630 0.014306 0.016221
0 0.391273 0.333015 0.012876 0.028626
0 0.373033 0.356870 0.007868 0.030534
0 0.444564 0.408874 0.012160 0.037214
0 0.454578 0.486641 0.010730 0.040076
0 0.471745 0.457538 0.013591 0.041031
0 0.496781 0.482824 0.010730 0.038168
0 0.480687 0.482824 0.008584 0.036260
0 0.424535 0.399809 0.010730 0.038168
0 0.433476 0.394084 0.011445 0.034351
0 0.441702 0.384065 0.009299 0.033397
0 0.444564 0.371183 0.012160 0.026718
0 0.563305 0.616412 0.016452 0.045802
0 0.549356 0.623092 0.018598 0.047710
0 0.582618 0.668416 0.016452 0.044847
0 0.593705 0.660305 0.012876 0.045802
0 0.670959 0.641698 0.014306 0.042939
0 0.732117 0.823950 0.017883 0.048664
0 0.797210 0.832061 0.026466 0.049618
0 0.748569 0.928435 0.025036 0.040076
0 0.665236 0.653626 0.011445 0.026718
0 0.974964 0.353531 0.015737 0.031489
0 0.727110 0.180344 0.009299 0.024809
0 0.735694 0.180821 0.007868 0.023855
0 0.629471 0.143607 0.007153 0.023855
0 0.521459 0.076336 0.004292 0.017176
0 0.517167 0.074905 0.004292 0.020038
0 0.512160 0.077290 0.007153 0.019084
0 0.504649 0.074905 0.005007 0.020038
0 0.501788 0.065363 0.005007 0.023855
0 0.513948 0.072042 0.005007 0.018130
0 0.494993 0.066794 0.002861 0.015267
0 0.487840 0.064408 0.004292 0.016221
0 0.482117 0.062500 0.005722 0.016221
