0 0.398214 0.186667 0.005000 0.007619
0 0.421786 0.186190 0.002143 0.006667
0 0.429643 0.210000 0.003571 0.006667
0 0.427143 0.186667 0.002857 0.007619
0 0.428214 0.164762 0.003571 0.005714
0 0.427500 0.160476 0.003571 0.008571
0 0.554286 0.060952 0.002857 0.009524
0 0.556429 0.061905 0.004286 0.007619
0 0.505714 0.228571 0.002857 0.007619
0 0.419643 0.325238 0.003571 0.006667
0 0.492143 0.319524 0.002857 0.006667
0 0.493571 0.309048 0.002857 0.004762
0 0.513214 0.686190 0.003571 0.006667
0 0.506071 0.989524 0.003571 0.009524
0 0.508214 0.993810 0.003571 0.008571
