0 0.495351 0.765744 0.017883 0.044847
0 0.483548 0.570134 0.011445 0.042939
0 0.408441 0.545802 0.008584 0.036260
0 0.217811 0.881679 0.022175 0.055344
0 0.250000 0.817748 0.017883 0.047710
0 0.237124 0.822519 0.023605 0.057252
0 0.110873 0.376431 0.012876 0.031489
0 0.311159 0.489981 0.007153 0.018130
0 0.874821 0.336832 0.010014 0.020992
0 0.884478 0.287214 0.005007 0.017176
0 0.890558 0.291985 0.005722 0.019084
0 0.982475 0.263359 0.006438 0.017176
0 0.940272 0.230916 0.003577 0.009542
0 0.961016 0.413645 0.007868 0.025763
