0 0.508929 0.437619 0.003571 0.004762
0 0.512500 0.509048 0.003571 0.006667
0 0.518571 0.510000 0.004286 0.006667
0 0.518214 0.519048 0.005000 0.007619
0 0.513571 0.522857 0.004286 0.007619
0 0.514286 0.557619 0.004286 0.008571
0 0.458571 0.532857 0.002857 0.004762
0 0.457857 0.583333 0.004286 0.008571
0 0.453571 0.561905 0.004286 0.007619
0 0.451786 0.564286 0.003571 0.006667
0 0.450000 0.562381 0.004286 0.006667
0 0.259643 0.739048 0.003571 0.003810
0 0.257143 0.742381 0.002857 0.004762
0 0.214286 0.782857 0.005714 0.003810
0 0.088214 0.942381 0.005000 0.004762
0 0.137857 0.884286 0.004286 0.004762
0 0.079643 0.956667 0.005000 0.006667
0 0.077857 0.961905 0.002857 0.003810
0 0.075357 0.964762 0.003571 0.005714
0 0.072857 0.968095 0.002857 0.002857
0 0.070714 0.970952 0.005714 0.002857
0 0.513929 0.654762 0.007857 0.012381
0 0.607500 0.689048 0.020714 0.031429
0 0.574643 0.726190 0.016429 0.035238
0 0.824286 0.314286 0.005714 0.013333
0 0.800000 0.266667 0.007143 0.011429
0 0.760000 0.237619 0.002857 0.006667
0 0.759286 0.238095 0.002857 0.005714
0 0.708929 0.232381 0.003571 0.005714
0 0.641786 0.290952 0.003571 0.006667
0 0.661786 0.375238 0.005000 0.007619
0 0.663214 0.374286 0.003571 0.007619
0 0.637857 0.378095 0.002857 0.003810
