0 0.556071 0.227619 0.007857 0.019048
0 0.616429 0.757143 0.008571 0.024762
0 0.608571 0.750952 0.004286 0.020000
0 0.668571 0.717619 0.005714 0.027619
0 0.656786 0.733810 0.006429 0.023810
0 0.675357 0.041905 0.006429 0.017143
0 0.667857 0.039524 0.005714 0.018095
0 0.784286 0.169048 0.007143 0.025714
0 0.789286 0.167143 0.005714 0.021905
0 0.788214 0.192857 0.009286 0.025714
0 0.882143 0.285714 0.005714 0.019048
0 0.866786 0.487143 0.006429 0.025714
0 0.830357 0.508095 0.010714 0.029524
0 0.802500 0.489524 0.009286 0.030476
0 0.788571 0.493810 0.007143 0.031429
0 0.939643 0.619524 0.006429 0.033333
