0 0.598214 0.541878 0.003571 0.007614
0 0.360714 0.839467 0.002857 0.008883
0 0.362857 0.829315 0.004286 0.008883
0 0.366429 0.825508 0.004286 0.006345
0 0.367857 0.835660 0.002857 0.006345
0 0.598571 0.809645 0.004286 0.007614
0 0.608214 0.755711 0.003571 0.006345
0 0.789286 0.051396 0.004286 0.011421
0 0.780357 0.064721 0.005000 0.010152
0 0.763929 0.114848 0.005000 0.008883
0 0.763214 0.093909 0.006429 0.010152
0 0.768214 0.099619 0.005000 0.011421
0 0.787500 0.068528 0.003571 0.007614
0 0.042857 0.803934 0.007143 0.008883
0 0.067500 0.790609 0.006429 0.005076
0 0.057857 0.817259 0.007143 0.007614
0 0.045714 0.840102 0.004286 0.005076
