0 0.021071 0.194797 0.005000 0.008883
0 0.356786 0.371827 0.002143 0.005076
0 0.360000 0.371827 0.002857 0.007614
0 0.317500 0.435279 0.005000 0.010152
0 0.202500 0.489848 0.005000 0.007614
0 0.335357 0.412437 0.005000 0.005076
0 0.420714 0.717005 0.004286 0.005076
0 0.549286 0.938452 0.002857 0.006345
0 0.553214 0.939086 0.002143 0.005076
0 0.659643 0.783629 0.003571 0.006345
0 0.668929 0.815990 0.002143 0.005076
0 0.663571 0.808376 0.002857 0.005076
0 0.697857 0.921320 0.004286 0.007614
0 0.690357 0.771574 0.003571 0.005076
0 0.705357 0.814721 0.003571 0.005076
0 0.670357 0.943528 0.003571 0.006345
0 0.663214 0.737944 0.003571 0.006345
0 0.669286 0.756345 0.004286 0.005076
0 0.678214 0.737944 0.002143 0.006345
0 0.671071 0.722716 0.002143 0.003807
0 0.690357 0.744924 0.003571 0.002538
0 0.753571 0.796320 0.002857 0.006345
0 0.739643 0.760787 0.005000 0.006345
0 0.723929 0.727792 0.002143 0.006345
0 0.728214 0.708122 0.003571 0.005076
0 0.738214 0.710660 0.003571 0.005076
0 0.731786 0.676396 0.003571 0.002538
0 0.665714 0.895305 0.004286 0.006345
0 0.674286 0.921320 0.002857 0.005076
0 0.678571 0.944162 0.002857 0.007614
0 0.684643 0.943528 0.005000 0.006345
0 0.677500 0.921954 0.003571 0.006345
0 0.754643 0.984137 0.005000 0.003807
0 0.743214 0.970812 0.005000 0.007614
0 0.782500 0.897208 0.002143 0.005076
0 0.770357 0.973350 0.003571 0.005076
0 0.774643 0.895939 0.003571 0.005076
0 0.771071 0.859772 0.003571 0.006345
0 0.779286 0.855964 0.002857 0.006345
0 0.937857 0.915609 0.004286 0.006345
0 0.935714 0.906726 0.004286 0.006345
0 0.930714 0.901650 0.004286 0.003807
0 0.917143 0.919416 0.004286 0.003807
0 0.913214 0.884518 0.003571 0.005076
0 0.852500 0.864213 0.003571 0.010152
0 0.834286 0.838198 0.004286 0.003807
0 0.809643 0.824873 0.005000 0.005076
0 0.884643 0.788706 0.003571 0.003807
0 0.901429 0.755711 0.002857 0.003807
0 0.895357 0.759518 0.003571 0.003807
0 0.897857 0.751904 0.004286 0.003807
0 0.870357 0.664340 0.005000 0.003807
0 0.880357 0.670051 0.002143 0.005076
0 0.878571 0.646574 0.005714 0.006345
0 0.870357 0.649746 0.003571 0.005076
0 0.867143 0.614213 0.004286 0.005076
0 0.905000 0.664340 0.005714 0.006345
0 0.905357 0.656726 0.003571 0.006345
0 0.712857 0.249365 0.002857 0.006345
