0 0.615714 0.929048 0.030000 0.067619
0 0.584286 0.904286 0.021429 0.071429
0 0.625357 0.854762 0.030714 0.088571
0 0.749643 0.819524 0.026429 0.073333
0 0.410357 0.513333 0.015000 0.043810
0 0.331786 0.432857 0.016429 0.063810
0 0.363929 0.418571 0.017857 0.054286
0 0.423214 0.268571 0.012143 0.034286
0 0.438214 0.269524 0.012143 0.045714
0 0.431071 0.170476 0.012143 0.036190
0 0.560357 0.150000 0.009286 0.039048
0 0.210714 0.208571 0.011429 0.036190
0 0.206429 0.208095 0.010000 0.037143
0 0.323571 0.070476 0.007143 0.022857
0 0.311786 0.063810 0.007857 0.024762
