0 0.085000 0.269333 0.007000 0.014667
0 0.083750 0.266667 0.006500 0.016000
0 0.099250 0.261667 0.006500 0.016667
0 0.084750 0.251667 0.005500 0.015333
0 0.100250 0.243333 0.005500 0.014667
0 0.107250 0.243667 0.005500 0.014000
0 0.109750 0.240667 0.004500 0.012000
0 0.206750 0.459333 0.010500 0.028000
0 0.228000 0.158333 0.003000 0.007333
0 0.223000 0.159667 0.003000 0.007333
0 0.421000 0.168333 0.003000 0.008667
0 0.411750 0.195333 0.002500 0.010667
0 0.483250 0.266667 0.005500 0.013333
0 0.468500 0.264333 0.005000 0.011333
0 0.510250 0.230333 0.003500 0.014000
0 0.512250 0.217333 0.004500 0.012000
0 0.451000 0.196333 0.004000 0.014000
