0 0.017857 0.645714 0.012857 0.030476
0 0.324643 0.509048 0.005000 0.010476
0 0.586429 0.498095 0.005714 0.017143
0 0.601429 0.502381 0.005714 0.018095
0 0.587143 0.553810 0.005714 0.020000
0 0.598571 0.550000 0.007143 0.021905
0 0.589643 0.465714 0.005000 0.015238
0 0.579643 0.431905 0.003571 0.010476
0 0.570000 0.427143 0.002857 0.010476
0 0.582143 0.791905 0.011429 0.044762
0 0.505714 0.913810 0.017143 0.054286
0 0.367143 0.877143 0.015714 0.053333
0 0.369643 0.867143 0.009286 0.021905
0 0.662500 0.946190 0.020714 0.050476
0 0.690000 0.904762 0.017143 0.053333
0 0.713214 0.868095 0.016429 0.054286
0 0.705357 0.973333 0.015000 0.053333
0 0.740714 0.955714 0.017143 0.054286
0 0.625714 0.983810 0.014286 0.030476
0 0.736071 0.979048 0.016429 0.040000
0 0.446429 0.989048 0.018571 0.021905
