0 0.172500 0.692381 0.023571 0.036190
0 0.300714 0.392381 0.017143 0.028571
0 0.338571 0.448095 0.014286 0.023810
0 0.350000 0.394762 0.015714 0.037143
0 0.350714 0.351429 0.015714 0.030476
0 0.392143 0.179524 0.008571 0.025714
0 0.413929 0.156667 0.009286 0.020000
0 0.479643 0.157619 0.006429 0.023810
0 0.471071 0.148571 0.007857 0.019048
0 0.462143 0.149524 0.005714 0.015238
0 0.427500 0.211429 0.007857 0.017143
0 0.443571 0.231905 0.008571 0.021905
0 0.540357 0.417619 0.007857 0.040952
0 0.543571 0.409524 0.007143 0.036190
0 0.761429 0.363810 0.011429 0.032381
0 0.826429 0.404762 0.012857 0.041905
0 0.858929 0.222381 0.010714 0.040952
0 0.729643 0.174762 0.012143 0.027619
0 0.716786 0.178571 0.007857 0.029524
0 0.732143 0.150952 0.010000 0.029524
0 0.832500 0.136190 0.007857 0.028571
0 0.924286 0.126667 0.008571 0.022857
0 0.442143 0.163810 0.007143 0.020952
0 0.875000 0.111905 0.008571 0.027619
0 0.850357 0.118095 0.010714 0.022857
0 0.824643 0.117619 0.007857 0.018095
0 0.765357 0.007619 0.010714 0.015238
0 0.950000 0.108571 0.010000 0.024762
0 0.939286 0.109048 0.007143 0.023810
0 0.936071 0.100000 0.006429 0.028571
0 0.987500 0.120000 0.009286 0.030476
0 0.994286 0.103810 0.011429 0.026667
0 0.672500 0.126667 0.012143 0.013333
