0 0.705000 0.392132 0.004286 0.020305
0 0.708929 0.390228 0.005000 0.019036
0 0.847500 0.451142 0.006429 0.019036
0 0.808929 0.439721 0.005000 0.026650
0 0.476786 0.340102 0.005000 0.017766
0 0.468214 0.340102 0.005000 0.020305
0 0.391786 0.340102 0.005000 0.020305
0 0.512500 0.522208 0.006429 0.021574
0 0.358571 0.341371 0.004286 0.022843
0 0.300357 0.313452 0.006429 0.015228
0 0.360357 0.680203 0.007857 0.020305
0 0.360000 0.672589 0.010000 0.020305
0 0.331429 0.691624 0.005714 0.027919
0 0.352500 0.838832 0.007857 0.025381
0 0.349643 0.842640 0.006429 0.022843
