0 0.242500 0.450000 0.009286 0.027619
0 0.584643 0.974762 0.012143 0.029524
0 0.332143 0.794762 0.012857 0.031429
0 0.297500 0.689524 0.012143 0.024762
0 0.288571 0.675714 0.011429 0.033333
0 0.991071 0.496667 0.015000 0.020000
0 0.917143 0.423333 0.014286 0.025714
0 0.831071 0.295238 0.012143 0.026667
0 0.693929 0.318571 0.010714 0.025714
0 0.652857 0.289048 0.010000 0.023810
0 0.613571 0.280476 0.008571 0.025714
0 0.937500 0.669524 0.016429 0.019048
0 0.682143 0.132857 0.007143 0.020000
0 0.737857 0.066190 0.007143 0.016190
0 0.790000 0.019048 0.007143 0.020952
0 0.942500 0.329048 0.009286 0.021905
0 0.936786 0.324286 0.013571 0.025714
0 0.767143 0.087619 0.004286 0.020952
0 0.782857 0.018095 0.004286 0.022857
0 0.240714 0.119048 0.008571 0.024762
0 0.245714 0.114286 0.010000 0.020952
0 0.364643 0.135714 0.009286 0.023810
