0 0.460357 0.486675 0.007857 0.019036
0 0.717500 0.942259 0.007857 0.026650
0 0.623214 0.525381 0.005000 0.017766
0 0.497143 0.569797 0.005714 0.020305
0 0.495000 0.456218 0.004286 0.013959
0 0.611429 0.482868 0.004286 0.016497
0 0.591429 0.344543 0.002857 0.016497
0 0.595714 0.337563 0.004286 0.015228
0 0.495000 0.284898 0.004286 0.019036
0 0.591071 0.367386 0.003571 0.019036
0 0.568214 0.168782 0.003571 0.010152
0 0.564643 0.142766 0.003571 0.013959
0 0.563929 0.149112 0.002143 0.008883
0 0.569643 0.187183 0.005000 0.019036
0 0.588571 0.238579 0.002857 0.015228
0 0.585357 0.223985 0.003571 0.013959
0 0.584286 0.211929 0.004286 0.012690
0 0.577143 0.195431 0.002857 0.012690
0 0.571071 0.211294 0.003571 0.016497
0 0.185714 0.187817 0.004286 0.012690
