0 0.522857 0.618571 0.020000 0.056190
0 0.381429 0.669048 0.018571 0.050476
0 0.441071 0.611905 0.013571 0.048571
0 0.541429 0.605714 0.024286 0.045714
0 0.395714 0.550952 0.015714 0.054286
0 0.412143 0.530000 0.017143 0.052381
0 0.476071 0.534286 0.016429 0.051429
0 0.366429 0.509524 0.017143 0.041905
0 0.344286 0.512857 0.015714 0.039048
0 0.417857 0.495238 0.014286 0.047619
0 0.390357 0.469048 0.023571 0.040952
0 0.321429 0.431429 0.015714 0.049524
0 0.363571 0.441905 0.012857 0.045714
0 0.354286 0.432857 0.012857 0.037143
0 0.983929 0.666190 0.029286 0.054286
