0 0.467500 0.060279 0.003571 0.013959
0 0.472500 0.062817 0.003571 0.016497
0 0.477143 0.062817 0.004286 0.011421
0 0.481429 0.056472 0.001429 0.008883
0 0.465357 0.107868 0.002143 0.012690
0 0.467857 0.107868 0.002857 0.012690
0 0.465000 0.121827 0.002857 0.010152
0 0.481429 0.080584 0.002857 0.011421
0 0.460714 0.263325 0.004286 0.013959
0 0.452500 0.296320 0.003571 0.013959
0 0.450357 0.291244 0.003571 0.011421
0 0.708571 0.266497 0.002857 0.012690
0 0.703929 0.572335 0.006429 0.010152
0 0.710714 0.564086 0.004286 0.011421
0 0.937143 0.319162 0.002857 0.011421
