0 0.324286 0.529188 0.004286 0.017766
0 0.328929 0.526650 0.003571 0.010152
0 0.332857 0.522208 0.002857 0.008883
0 0.362500 0.559010 0.003571 0.013959
0 0.368214 0.543147 0.003571 0.010152
0 0.373571 0.548223 0.004286 0.015228
0 0.382143 0.596447 0.002857 0.015228
0 0.375000 0.622462 0.007143 0.016497
0 0.431071 0.748096 0.003571 0.013959
0 0.396071 0.771574 0.005000 0.010152
0 0.436429 0.781726 0.005714 0.012690
0 0.442857 0.748096 0.004286 0.013959
0 0.453571 0.684645 0.002857 0.011421
0 0.406071 0.611041 0.005000 0.016497
0 0.495357 0.692893 0.005000 0.012690
0 0.398214 0.591371 0.003571 0.010152
0 0.403214 0.565990 0.002143 0.015228
0 0.416786 0.572335 0.005000 0.010152
0 0.722500 0.815355 0.007857 0.011421
