0 0.350357 0.904286 0.015000 0.020000
0 0.397500 0.884762 0.013571 0.020952
0 0.033571 0.988095 0.021429 0.014286
0 0.036786 0.884762 0.019286 0.011429
0 0.058214 0.705238 0.013571 0.016190
0 0.575357 0.717619 0.013571 0.018095
0 0.968214 0.945238 0.017857 0.021905
0 0.843571 0.426667 0.011429 0.017143
0 0.754643 0.437143 0.013571 0.017143
0 0.773214 0.394762 0.010714 0.016190
0 0.806071 0.317619 0.009286 0.016190
0 0.540714 0.384762 0.007143 0.011429
0 0.561786 0.316190 0.010714 0.017143
0 0.411071 0.040476 0.007857 0.025714
0 0.423571 0.461905 0.008571 0.017143
0 0.027143 0.478571 0.021429 0.021905
