0 0.383500 0.039667 0.002000 0.006000
0 0.395000 0.051667 0.002000 0.006000
0 0.222250 0.127667 0.003500 0.008667
0 0.317250 0.166667 0.005500 0.010667
0 0.324000 0.162667 0.003000 0.009333
0 0.470750 0.160000 0.002500 0.009333
0 0.480000 0.160000 0.003000 0.010667
0 0.522750 0.043000 0.002500 0.006000
0 0.501250 0.071333 0.003500 0.008000
0 0.592000 0.050333 0.003000 0.007333
0 0.609000 0.053667 0.002000 0.004667
0 0.604500 0.060000 0.002000 0.008000
0 0.537500 0.118000 0.003000 0.009333
0 0.686750 0.155667 0.003500 0.008667
0 0.682750 0.155333 0.003500 0.008000
0 0.678000 0.152000 0.003000 0.008000
0 0.673500 0.143667 0.003000 0.010000
0 0.571000 0.208667 0.003000 0.009333
0 0.560500 0.205333 0.004000 0.008000
0 0.584000 0.167000 0.003000 0.007333
0 0.603750 0.152333 0.003500 0.008667
0 0.072250 0.285000 0.005500 0.012667
0 0.195250 0.266333 0.005500 0.012667
0 0.204250 0.270000 0.005500 0.009333
0 0.133250 0.571667 0.012500 0.015333
0 0.319250 0.595333 0.008500 0.017333
0 0.281250 0.658333 0.010500 0.018000
0 0.299500 0.670000 0.010000 0.018667
0 0.366750 0.700333 0.008500 0.018000
0 0.402250 0.724000 0.007500 0.017333
0 0.371500 0.757000 0.008000 0.019333
0 0.408000 0.748667 0.006000 0.017333
0 0.593250 0.281667 0.002500 0.006000
0 0.593500 0.279000 0.004000 0.010000
0 0.552500 0.389667 0.005000 0.012667
0 0.457000 0.460333 0.006000 0.018000
0 0.489250 0.703667 0.009500 0.014000
0 0.484250 0.734000 0.010500 0.018667
0 0.460500 0.735333 0.012000 0.016000
0 0.476500 0.694667 0.010000 0.016000
0 0.540000 0.758333 0.007000 0.015333
0 0.813500 0.465000 0.007000 0.016667
0 0.862250 0.445000 0.008500 0.011333
0 0.882250 0.455667 0.008500 0.011333
