0 0.488214 0.062817 0.007857 0.026650
0 0.585714 0.076777 0.005714 0.026650
0 0.585714 0.060279 0.007143 0.026650
0 0.635714 0.271574 0.007143 0.025381
0 0.660000 0.266497 0.005714 0.022843
0 0.650714 0.258249 0.007143 0.024112
0 0.659286 0.411802 0.007143 0.029188
0 0.673929 0.464467 0.009286 0.022843
0 0.683929 0.200508 0.009286 0.027919
0 0.657857 0.187817 0.007143 0.027919
0 0.669286 0.146574 0.008571 0.026650
0 0.675000 0.041878 0.005714 0.027919
0 0.523571 0.606599 0.007143 0.032995
0 0.512500 0.600888 0.007857 0.029188
0 0.633571 0.609772 0.007143 0.026650
0 0.684643 0.655457 0.010714 0.024112
0 0.691071 0.729695 0.007857 0.020305
0 0.669643 0.668147 0.009286 0.026650
0 0.691786 0.938452 0.009286 0.019036
0 0.706071 0.949239 0.010714 0.017766
0 0.667857 0.200508 0.010000 0.017766
0 0.938571 0.119924 0.011429 0.026650
0 0.900000 0.217005 0.010000 0.022843
0 0.908929 0.102792 0.009286 0.020305
0 0.715357 0.052665 0.006429 0.021574
