0 0.171071 0.555238 0.016429 0.040000
0 0.150714 0.555714 0.018571 0.037143
0 0.086429 0.720476 0.028571 0.050476
0 0.147857 0.384762 0.011429 0.028571
0 0.604286 0.614762 0.018571 0.035238
0 0.245000 0.401429 0.008571 0.023810
0 0.115714 0.304286 0.005714 0.016190
0 0.107500 0.305238 0.005000 0.016190
0 0.110714 0.307619 0.004286 0.009524
0 0.095714 0.302381 0.007143 0.012381
0 0.112143 0.281429 0.004286 0.014286
0 0.110714 0.279048 0.005714 0.015238
0 0.198571 0.276190 0.004286 0.015238
0 0.243214 0.432857 0.009286 0.023810
