0 0.218929 0.182741 0.007857 0.022843
0 0.723929 0.984137 0.010714 0.029188
0 0.735357 0.880711 0.010714 0.032995
0 0.571429 0.918782 0.007143 0.015228
0 0.694286 0.713832 0.008571 0.019036
0 0.700357 0.479695 0.007857 0.022843
0 0.612500 0.533629 0.006429 0.024112
0 0.612857 0.499365 0.005714 0.021574
0 0.601786 0.471447 0.006429 0.016497
0 0.600714 0.198604 0.005714 0.016497
0 0.661429 0.168147 0.007143 0.019036
0 0.587857 0.167513 0.008571 0.017766
0 0.582500 0.125635 0.009286 0.017766
0 0.617857 0.028553 0.004286 0.016497
0 0.273214 0.352157 0.006429 0.016497
0 0.271429 0.358503 0.008571 0.021574
0 0.228929 0.649112 0.010714 0.026650
0 0.693571 0.475888 0.005714 0.020305
0 0.606429 0.471447 0.007143 0.019036
0 0.632143 0.505076 0.005714 0.022843
0 0.625714 0.500635 0.005714 0.016497
0 0.619286 0.500000 0.005714 0.020305
0 0.621071 0.533629 0.005000 0.021574
0 0.616786 0.532360 0.005000 0.016497
0 0.612500 0.534898 0.003571 0.021574
0 0.585000 0.101523 0.004286 0.017766
0 0.614643 0.032360 0.003571 0.013959
0 0.608571 0.026650 0.002857 0.012690
