0 0.645000 0.970476 0.014286 0.020952
0 0.541786 0.961429 0.012143 0.029524
0 0.507500 0.454286 0.006429 0.019048
0 0.494643 0.383333 0.006429 0.021905
0 0.521071 0.341429 0.005000 0.012381
0 0.520000 0.322857 0.005714 0.020952
0 0.344286 0.646190 0.008571 0.023810
0 0.413214 0.494762 0.006429 0.020000
0 0.395000 0.460952 0.008571 0.013333
0 0.327500 0.423333 0.007857 0.018095
0 0.487143 0.312857 0.005714 0.010476
0 0.469643 0.287619 0.005000 0.011429
0 0.477143 0.269048 0.005714 0.010476
0 0.438929 0.235714 0.005000 0.010476
0 0.405000 0.278095 0.005714 0.015238
0 0.523571 0.292381 0.004286 0.017143
0 0.413571 0.233333 0.004286 0.009524
0 0.498571 0.203810 0.008571 0.013333
0 0.484643 0.199524 0.005000 0.014286
0 0.502500 0.199524 0.005000 0.014286
0 0.427857 0.200952 0.005714 0.009524
0 0.494286 0.160476 0.005714 0.012381
0 0.486786 0.156190 0.005000 0.013333
0 0.470000 0.155238 0.004286 0.013333
0 0.463214 0.149524 0.005000 0.013333
0 0.451786 0.108095 0.005000 0.010476
0 0.480714 0.128095 0.004286 0.006667
