0 0.251786 0.360476 0.006429 0.035238
0 0.440714 0.116667 0.007143 0.023810
0 0.439643 0.135714 0.007857 0.016190
0 0.449286 0.126667 0.005714 0.019048
0 0.529643 0.121905 0.006429 0.013333
0 0.565357 0.024286 0.005000 0.014286
0 0.561786 0.025238 0.005000 0.016190
0 0.553571 0.066667 0.008571 0.013333
0 0.556429 0.047143 0.005714 0.014286
0 0.598929 0.231429 0.007857 0.026667
0 0.611786 0.127619 0.006429 0.020952
0 0.623929 0.129048 0.005000 0.018095
0 0.621786 0.108095 0.007857 0.018095
0 0.643571 0.123810 0.005714 0.015238
0 0.641071 0.453810 0.010714 0.039048
0 0.653929 0.458571 0.012143 0.048571
0 0.674643 0.468095 0.016429 0.052381
