0 0.461429 0.315238 0.004286 0.007619
0 0.357857 0.579524 0.005714 0.014286
0 0.267500 0.610000 0.012143 0.018095
0 0.120714 0.475714 0.010000 0.021905
0 0.480714 0.267143 0.004286 0.010476
0 0.557500 0.475714 0.006429 0.010476
0 0.605357 0.437143 0.006429 0.011429
0 0.475000 0.585714 0.007143 0.019048
0 0.491429 0.581429 0.004286 0.016190
0 0.484286 0.507619 0.004286 0.013333
0 0.672143 0.018571 0.002857 0.004762
0 0.831786 0.184286 0.003571 0.014286
0 0.796071 0.120952 0.003571 0.007619
0 0.802857 0.129524 0.002857 0.009524
0 0.806429 0.134286 0.002857 0.009524
0 0.775357 0.152381 0.003571 0.009524
