0 0.685000 0.785533 0.015714 0.035533
0 0.195714 0.543782 0.020000 0.046954
0 0.327500 0.198604 0.012143 0.031726
0 0.333214 0.220812 0.012143 0.035533
0 0.447857 0.283629 0.011429 0.034264
0 0.294643 0.140228 0.009286 0.031726
0 0.290000 0.144036 0.010000 0.034264
0 0.050000 0.293782 0.008571 0.031726
0 0.045000 0.295685 0.007143 0.030457
0 0.802500 0.546954 0.010714 0.035533
0 0.694643 0.803934 0.015000 0.036802
0 0.772857 0.772208 0.020000 0.036802
0 0.581429 0.253807 0.007143 0.035533
0 0.586429 0.249365 0.007143 0.034264
0 0.505714 0.234137 0.008571 0.041878
