0 0.471071 0.468571 0.013571 0.019048
0 0.790357 0.230952 0.017857 0.027619
0 0.780357 0.210952 0.016429 0.027619
0 0.757857 0.347619 0.015714 0.020952
0 0.804286 0.209524 0.017143 0.024762
0 0.771429 0.414762 0.020000 0.023810
0 0.797857 0.347143 0.020000 0.016190
0 0.800000 0.333810 0.017143 0.014286
0 0.786429 0.095714 0.012857 0.020000
0 0.817143 0.087143 0.008571 0.021905
0 0.784643 0.068095 0.016429 0.029524
0 0.797143 0.059048 0.012857 0.030476
0 0.811429 0.080000 0.014286 0.024762
0 0.797500 0.097619 0.015000 0.027619
0 0.793929 0.152857 0.015000 0.018095
0 0.787500 0.142381 0.017857 0.023810
0 0.805000 0.511905 0.018571 0.018095
0 0.817857 0.515238 0.018571 0.015238
0 0.796429 0.743333 0.021429 0.023810
0 0.762143 0.660000 0.014286 0.017143
0 0.704286 0.636190 0.014286 0.020952
0 0.785357 0.957143 0.019286 0.036190
0 0.746786 0.942857 0.022143 0.036190
0 0.793214 0.820000 0.026429 0.019048
0 0.747143 0.887619 0.021429 0.036190
0 0.696786 0.893810 0.010714 0.027619
