0 0.189643 0.266190 0.009286 0.025714
0 0.181786 0.267143 0.012143 0.027619
0 0.177500 0.298571 0.012143 0.023810
0 0.501786 0.311429 0.010714 0.028571
0 0.409643 0.249524 0.013571 0.032381
0 0.076429 0.091429 0.007143 0.015238
0 0.080714 0.058571 0.005714 0.016190
0 0.070714 0.145238 0.008571 0.020000
0 0.207500 0.028571 0.005000 0.015238
0 0.214643 0.030000 0.005000 0.016190
0 0.288214 0.123810 0.005000 0.017143
0 0.387500 0.130952 0.006429 0.018095
0 0.342857 0.132857 0.005714 0.018095
0 0.304643 0.122857 0.006429 0.017143
0 0.271429 0.113810 0.004286 0.018095
0 0.277143 0.114762 0.005714 0.018095
0 0.282143 0.197143 0.007143 0.020952
0 0.302500 0.183333 0.006429 0.020000
0 0.301429 0.196190 0.007143 0.019048
0 0.296786 0.199524 0.005000 0.018095
0 0.365357 0.190000 0.007857 0.014286
0 0.351429 0.315238 0.008571 0.017143
0 0.386071 0.326190 0.009286 0.025714
0 0.447857 0.278571 0.008571 0.027619
