0 0.589286 0.639048 0.010000 0.057143
0 0.604643 0.651429 0.015000 0.066667
0 0.616429 0.661429 0.012857 0.063810
0 0.635357 0.639524 0.017857 0.063810
0 0.583571 0.513810 0.012857 0.048571
0 0.615000 0.529048 0.014286 0.048571
0 0.588214 0.470476 0.013571 0.047619
0 0.508929 0.438095 0.010714 0.036190
0 0.603214 0.445714 0.010714 0.041905
0 0.785357 0.535714 0.016429 0.054286
0 0.742143 0.495238 0.012857 0.043810
0 0.170000 0.420000 0.014286 0.038095
0 0.398571 0.230000 0.005714 0.023810
0 0.499286 0.499048 0.015714 0.038095
0 0.425000 0.769524 0.024286 0.062857
0 0.491071 0.779048 0.025000 0.076190
0 0.277857 0.373810 0.011429 0.027619
