0 0.636750 0.818333 0.016500 0.047333
0 0.567750 0.605000 0.011500 0.043333
0 0.567750 0.601000 0.007500 0.018000
0 0.436750 0.449000 0.009500 0.023333
0 0.473250 0.453000 0.010500 0.022000
0 0.314250 0.273667 0.006500 0.016667
0 0.492250 0.287000 0.004500 0.020667
0 0.494000 0.299333 0.005000 0.020000
0 0.473000 0.288667 0.007000 0.021333
0 0.944500 0.716333 0.021000 0.028667
0 0.903500 0.626333 0.015000 0.034000
0 0.877500 0.623333 0.018000 0.040000
0 0.859000 0.622333 0.016000 0.042000
0 0.811000 0.543000 0.010000 0.032667
0 0.807000 0.529667 0.012000 0.038000
0 0.796750 0.518333 0.011500 0.035333
0 0.832000 0.539333 0.015000 0.036000
0 0.836000 0.514000 0.012000 0.036000
0 0.831500 0.465333 0.012000 0.034667
0 0.799500 0.432667 0.011000 0.028000
0 0.829250 0.415667 0.011500 0.031333
0 0.836500 0.420333 0.008000 0.030000
0 0.846750 0.423000 0.010500 0.028667
0 0.857500 0.433667 0.009000 0.030000
0 0.862750 0.439667 0.010500 0.028667
0 0.866750 0.408000 0.010500 0.029333
0 0.871250 0.438333 0.006500 0.028667
0 0.877250 0.436333 0.008500 0.031333
0 0.884250 0.411333 0.009500 0.030667
0 0.883750 0.407333 0.008500 0.032000
0 0.847250 0.409000 0.006500 0.023333
0 0.846000 0.384333 0.007000 0.024667
0 0.851000 0.401667 0.004000 0.014000
0 0.807500 0.362333 0.009000 0.028667
0 0.820750 0.368000 0.009500 0.029333
0 0.870500 0.375667 0.007000 0.024667
0 0.882000 0.378667 0.008000 0.025333
0 0.848250 0.353000 0.008500 0.023333
0 0.946750 0.303667 0.005500 0.010000
0 0.936500 0.308667 0.008000 0.020000
0 0.920500 0.301000 0.005000 0.015333
0 0.915500 0.300000 0.006000 0.018667
0 0.926500 0.298333 0.007000 0.020667
0 0.901250 0.304000 0.006500 0.022667
0 0.878000 0.324333 0.009000 0.023333
0 0.880750 0.304333 0.006500 0.022000
0 0.866750 0.324667 0.011500 0.017333
0 0.876250 0.313667 0.008500 0.012667
0 0.854500 0.289333 0.005000 0.014667
0 0.857000 0.291333 0.005000 0.014667
0 0.846750 0.289667 0.005500 0.019333
0 0.834500 0.292333 0.007000 0.020667
0 0.827000 0.288667 0.005000 0.017333
0 0.698500 0.360667 0.007000 0.013333
0 0.690000 0.362000 0.008000 0.017333
0 0.687000 0.356667 0.010000 0.016000
0 0.698250 0.356333 0.007500 0.014000
0 0.657750 0.334000 0.007500 0.016000
0 0.616000 0.276000 0.005000 0.014667
0 0.620750 0.285333 0.006500 0.012000
0 0.621000 0.265000 0.005000 0.016667
0 0.626500 0.260333 0.003000 0.016667
0 0.635500 0.258000 0.004000 0.016000
0 0.658500 0.263667 0.005000 0.016667
0 0.643500 0.246000 0.004000 0.012000
0 0.657000 0.243000 0.008000 0.018000
0 0.583000 0.224000 0.005000 0.013333
0 0.546250 0.216667 0.004500 0.013333
0 0.668250 0.211000 0.003500 0.012667
0 0.668750 0.214333 0.003500 0.014000
0 0.673000 0.216667 0.004000 0.013333
0 0.676250 0.210667 0.004500 0.013333
0 0.677500 0.215667 0.002000 0.012667
0 0.681000 0.221333 0.003000 0.012000
0 0.681500 0.216333 0.005000 0.011333
0 0.679000 0.210000 0.003000 0.010667
0 0.686000 0.215000 0.005000 0.015333
0 0.694750 0.219667 0.005500 0.015333
0 0.689000 0.211000 0.006000 0.014000
0 0.694000 0.210000 0.003000 0.008000
0 0.697000 0.208667 0.005000 0.014667
0 0.703000 0.203000 0.005000 0.015333
0 0.706000 0.206333 0.005000 0.016667
0 0.709500 0.214667 0.003000 0.013333
0 0.727250 0.174333 0.003500 0.012667
0 0.731750 0.174667 0.004500 0.010667
0 0.736750 0.175333 0.003500 0.012000
0 0.695750 0.157667 0.003500 0.010000
0 0.721500 0.195000 0.006000 0.015333
0 0.755750 0.211333 0.006500 0.014667
0 0.748750 0.227000 0.004500 0.014000
0 0.752250 0.231667 0.005500 0.016667
0 0.828250 0.226667 0.004500 0.014667
0 0.840250 0.227000 0.005500 0.010000
0 0.839000 0.240000 0.006000 0.014667
0 0.846250 0.242667 0.004500 0.014667
0 0.840500 0.258667 0.007000 0.017333
0 0.836500 0.257667 0.006000 0.015333
0 0.827750 0.261667 0.005500 0.010000
0 0.824250 0.258333 0.005500 0.014000
0 0.826750 0.254333 0.005500 0.014000
0 0.818750 0.253333 0.005500 0.017333
0 0.823000 0.251667 0.005000 0.015333
0 0.784750 0.275333 0.006500 0.018667
0 0.795000 0.275667 0.005000 0.016667
0 0.800250 0.277000 0.005500 0.016667
0 0.806750 0.279000 0.005500 0.018000
0 0.809750 0.279333 0.004500 0.016000
0 0.823750 0.280333 0.004500 0.015333
0 0.822000 0.282000 0.005000 0.016000
0 0.819750 0.280000 0.005500 0.014667
0 0.812500 0.280333 0.006000 0.015333
0 0.780500 0.283667 0.006000 0.011333
0 0.804250 0.283667 0.005500 0.011333
