0 0.810000 0.614762 0.010000 0.010476
0 0.781786 0.160000 0.009286 0.015238
0 0.784286 0.123333 0.012857 0.018095
0 0.750714 0.142381 0.010000 0.021905
0 0.706429 0.197619 0.010000 0.020000
0 0.551429 0.256190 0.012857 0.015238
0 0.567500 0.145238 0.006429 0.014286
0 0.485000 0.078571 0.010000 0.014286
0 0.482857 0.035238 0.007143 0.019048
0 0.331071 0.894286 0.009286 0.017143
0 0.330000 0.800952 0.010000 0.011429
0 0.320000 0.799048 0.008571 0.011429
0 0.790714 0.937143 0.008571 0.017143
0 0.761071 0.823333 0.013571 0.012381
0 0.755714 0.811429 0.010000 0.011429
