0 0.152500 0.950476 0.045000 0.099048
0 0.772857 0.955714 0.045714 0.088571
0 0.900000 0.951905 0.044286 0.096190
0 0.600714 0.963333 0.047143 0.073333
0 0.876429 0.876667 0.028571 0.082857
0 0.874643 0.927143 0.040714 0.084762
0 0.612500 0.883810 0.042143 0.078095
0 0.905000 0.351429 0.012857 0.036190
0 0.965000 0.351429 0.014286 0.040000
0 0.956429 0.357143 0.011429 0.030476
0 0.910000 0.350952 0.011429 0.035238
0 0.951429 0.308571 0.012857 0.034286
0 0.795000 0.326667 0.011429 0.034286
0 0.705000 0.311429 0.012857 0.032381
0 0.686786 0.202857 0.006429 0.017143
0 0.691429 0.203810 0.005714 0.015238
0 0.624643 0.263333 0.007857 0.023810
0 0.610357 0.266667 0.010714 0.028571
0 0.664643 0.262381 0.007857 0.021905
0 0.587500 0.298571 0.010714 0.027619
0 0.578929 0.303810 0.007857 0.028571
0 0.571786 0.310476 0.012143 0.026667
0 0.553929 0.313810 0.007857 0.031429
0 0.526071 0.305238 0.006429 0.029524
0 0.511429 0.320000 0.010000 0.032381
0 0.476786 0.316190 0.007857 0.030476
0 0.482500 0.321429 0.009286 0.021905
0 0.501429 0.318095 0.008571 0.030476
0 0.492500 0.320476 0.005000 0.020000
0 0.495714 0.315714 0.011429 0.029524
0 0.495000 0.310000 0.010000 0.031429
0 0.541071 0.318095 0.007857 0.026667
0 0.534643 0.317143 0.007857 0.026667
0 0.541786 0.304762 0.007857 0.030476
0 0.535357 0.304286 0.006429 0.029524
0 0.530714 0.282857 0.007143 0.026667
0 0.244643 0.260000 0.009286 0.028571
0 0.254286 0.288571 0.010000 0.028571
0 0.219286 0.273333 0.010000 0.026667
0 0.229643 0.288095 0.007857 0.025714
0 0.226429 0.288095 0.007143 0.023810
0 0.007500 0.275238 0.007857 0.017143
0 0.317500 0.534762 0.017857 0.039048
0 0.024286 0.614286 0.040000 0.049524
0 0.018929 0.678095 0.035000 0.062857
0 0.057857 0.615714 0.022857 0.061905
0 0.085714 0.595714 0.028571 0.058095
0 0.082143 0.570952 0.025714 0.060000
0 0.057143 0.570952 0.025714 0.056190
0 0.035000 0.564286 0.024286 0.052381
0 0.022143 0.552381 0.025714 0.053333
0 0.009643 0.548571 0.016429 0.053333
0 0.377500 0.815238 0.032143 0.081905
