0 0.638571 0.782381 0.007143 0.012381
0 0.671786 0.763333 0.006429 0.012381
0 0.655357 0.673810 0.007857 0.014286
0 0.631786 0.643333 0.006429 0.010476
0 0.658929 0.604286 0.009286 0.016190
0 0.666071 0.596190 0.006429 0.011429
0 0.671429 0.598571 0.008571 0.012381
0 0.675714 0.398571 0.007143 0.016190
0 0.660714 0.397143 0.007143 0.013333
0 0.714286 0.168095 0.007143 0.016190
0 0.674643 0.185714 0.009286 0.015238
0 0.685000 0.014286 0.005714 0.015238
0 0.689286 0.014762 0.005714 0.016190
0 0.725714 0.035714 0.007143 0.018095
0 0.457143 0.710476 0.007143 0.013333
0 0.472857 0.717143 0.008571 0.011429
0 0.439286 0.701429 0.010000 0.014286
0 0.469643 0.700000 0.009286 0.013333
0 0.483571 0.672381 0.008571 0.015238
0 0.497857 0.457143 0.007143 0.019048
0 0.347143 0.415714 0.007143 0.020000
0 0.563214 0.222381 0.006429 0.020000
0 0.412143 0.236667 0.007143 0.025714
0 0.389286 0.207619 0.007143 0.020952
0 0.341071 0.236667 0.005000 0.016190
0 0.336071 0.236190 0.006429 0.017143
0 0.327857 0.235238 0.008571 0.017143
0 0.398571 0.129524 0.008571 0.015238
