0 0.314643 0.044416 0.006429 0.017766
0 0.334643 0.076777 0.005000 0.016497
0 0.367143 0.081218 0.004286 0.015228
0 0.371429 0.089467 0.004286 0.013959
0 0.363214 0.065355 0.005000 0.016497
0 0.375000 0.072970 0.004286 0.016497
0 0.349286 0.066624 0.004286 0.008883
0 0.371071 0.065355 0.003571 0.013959
0 0.373214 0.061548 0.002143 0.013959
0 0.596786 0.829949 0.003571 0.012690
0 0.575714 0.806472 0.004286 0.008883
0 0.577143 0.799492 0.004286 0.007614
0 0.672143 0.591371 0.005714 0.007614
0 0.717857 0.644036 0.004286 0.011421
0 0.528929 0.019670 0.005000 0.013959
0 0.623214 0.303934 0.007857 0.013959
0 0.620000 0.582487 0.005714 0.007614
0 0.613214 0.602157 0.005000 0.011421
0 0.653571 0.547589 0.004286 0.011421
0 0.822500 0.655457 0.005000 0.011421
0 0.888929 0.647208 0.003571 0.012690
0 0.935357 0.652919 0.006429 0.013959
0 0.825357 0.630076 0.003571 0.008883
0 0.888571 0.104695 0.004286 0.011421
0 0.805000 0.147843 0.007143 0.013959
