0 0.161429 0.023477 0.002857 0.011421
0 0.028214 0.051396 0.003571 0.011421
0 0.043571 0.060914 0.002857 0.012690
0 0.071786 0.115482 0.003571 0.015228
0 0.350000 0.199873 0.002857 0.013959
0 0.346429 0.201777 0.002857 0.012690
0 0.415714 0.288071 0.002857 0.015228
0 0.411071 0.281726 0.003571 0.017766
0 0.415714 0.281091 0.002857 0.013959
0 0.426071 0.270939 0.003571 0.013959
0 0.871071 0.623096 0.006429 0.022843
0 0.870714 0.613579 0.005714 0.021574
0 0.978929 0.767766 0.009286 0.025381
0 0.666429 0.538706 0.005714 0.019036
0 0.668571 0.542513 0.004286 0.016497
0 0.251429 0.488579 0.005714 0.012690
0 0.178214 0.852792 0.009286 0.025381
0 0.347857 0.619924 0.005714 0.019036
0 0.603214 0.895305 0.007857 0.029188
0 0.432143 0.709391 0.008571 0.030457
0 0.428214 0.724619 0.007857 0.027919
