0 0.643929 0.717619 0.017857 0.037143
0 0.612500 0.427143 0.012143 0.031429
0 0.735357 0.559048 0.015000 0.030476
0 0.669286 0.355714 0.011429 0.027619
0 0.602857 0.177619 0.010000 0.025714
0 0.560000 0.127143 0.008571 0.023810
0 0.553571 0.135238 0.008571 0.024762
0 0.542500 0.210000 0.009286 0.025714
0 0.477143 0.073810 0.007143 0.018095
0 0.550000 0.076667 0.007143 0.023810
0 0.542143 0.020476 0.007143 0.018095
0 0.531071 0.033333 0.005000 0.020952
0 0.535714 0.032857 0.005714 0.021905
0 0.619643 0.164762 0.006429 0.024762
0 0.517500 0.181905 0.006429 0.026667
0 0.531786 0.190952 0.006429 0.027619
0 0.571786 0.050952 0.007857 0.016190
0 0.527143 0.175238 0.004286 0.020952
0 0.531071 0.174286 0.005000 0.015238
0 0.950000 0.657619 0.021429 0.031429
0 0.932143 0.595714 0.018571 0.033333
0 0.155714 0.354762 0.015714 0.031429
