0 0.905714 0.440990 0.020000 0.019036
0 0.905714 0.423858 0.022857 0.020305
0 0.735714 0.864213 0.014286 0.020305
0 0.743571 0.836929 0.008571 0.013959
0 0.760357 0.890228 0.010714 0.019036
0 0.770357 0.871827 0.013571 0.022843
0 0.913929 0.869289 0.017857 0.020305
0 0.278214 0.813452 0.015000 0.022843
0 0.178929 0.748096 0.013571 0.019036
0 0.062500 0.846447 0.016429 0.025381
0 0.358929 0.800127 0.009286 0.021574
0 0.517143 0.838832 0.014286 0.022843
0 0.496071 0.878173 0.012143 0.017766
0 0.787500 0.836294 0.017857 0.020305
0 0.861429 0.766497 0.014286 0.017766
0 0.829643 0.758249 0.010714 0.021574
0 0.186786 0.817259 0.010714 0.020305
0 0.307143 0.893401 0.011429 0.022843
0 0.369286 0.873731 0.010000 0.026650
0 0.758214 0.862944 0.012143 0.017766
0 0.794286 0.921954 0.014286 0.024112
0 0.780000 0.916878 0.011429 0.019036
0 0.574643 0.387056 0.013571 0.020305
