0 0.387000 0.094000 0.002000 0.009333
0 0.548750 0.099000 0.002500 0.012667
0 0.591500 0.100333 0.002000 0.010000
0 0.683000 0.116333 0.004000 0.010000
0 0.680500 0.114000 0.002000 0.005333
0 0.620000 0.386667 0.008000 0.024000
0 0.582500 0.487000 0.009000 0.030000
0 0.499000 0.629667 0.010000 0.036667
0 0.489500 0.616333 0.008000 0.023333
0 0.472500 0.344000 0.008000 0.014667
0 0.768500 0.172333 0.005000 0.018000
0 0.395250 0.178333 0.004500 0.008667
0 0.385500 0.183667 0.004000 0.008667
0 0.393250 0.189333 0.004500 0.012000
0 0.239000 0.182333 0.004000 0.012667
0 0.242750 0.181000 0.004500 0.014000
0 0.139750 0.126333 0.004500 0.012667
0 0.148250 0.127667 0.005500 0.012667
0 0.053250 0.134000 0.005500 0.013333
0 0.034250 0.135667 0.005500 0.011333
0 0.011000 0.145000 0.007000 0.015333
0 0.332500 0.076000 0.003000 0.010667
0 0.326000 0.077333 0.003000 0.010667
0 0.377750 0.071333 0.002500 0.009333
0 0.370250 0.072333 0.002500 0.010000
0 0.373500 0.074667 0.002000 0.005333
0 0.526000 0.349333 0.003000 0.008000
0 0.524750 0.350667 0.006500 0.016000
0 0.533750 0.340667 0.006500 0.014667
