0 0.205000 0.049492 0.007143 0.017766
0 0.219286 0.349619 0.007143 0.019036
0 0.213929 0.354061 0.006429 0.020305
0 0.121429 0.847081 0.008571 0.013959
0 0.076071 0.931472 0.010714 0.010152
0 0.120357 0.900381 0.012143 0.013959
0 0.099286 0.953046 0.010000 0.012690
0 0.122500 0.950508 0.009286 0.017766
0 0.957143 0.614213 0.011429 0.017766
0 0.703571 0.612944 0.007143 0.010152
0 0.690000 0.605330 0.008571 0.012690
0 0.862857 0.600888 0.012857 0.016497
0 0.873929 0.593909 0.012143 0.012690
0 0.897857 0.592640 0.007143 0.012690
0 0.874286 0.585660 0.005714 0.011421
0 0.898929 0.584391 0.007857 0.011421
0 0.530357 0.612310 0.005000 0.013959
0 0.561071 0.608503 0.007857 0.013959
0 0.498571 0.532360 0.004286 0.019036
0 0.493571 0.519036 0.004286 0.010152
0 0.488214 0.522208 0.003571 0.008883
0 0.498929 0.492386 0.005000 0.020305
0 0.487143 0.495558 0.005714 0.016497
0 0.490714 0.480330 0.004286 0.013959
0 0.495357 0.480330 0.005000 0.013959
0 0.456786 0.402284 0.003571 0.010152
