0 0.190714 0.056667 0.007143 0.014286
0 0.266071 0.020476 0.007857 0.014286
0 0.055357 0.315714 0.009286 0.008571
0 0.006429 0.244762 0.008571 0.007619
0 0.078214 0.757143 0.006429 0.005714
0 0.098929 0.678571 0.009286 0.008571
0 0.322143 0.681429 0.005714 0.006667
0 0.322143 0.687143 0.005714 0.004762
0 0.331429 0.696667 0.005714 0.004762
0 0.331071 0.700476 0.006429 0.004762
0 0.420000 0.672857 0.005714 0.006667
0 0.422500 0.676667 0.005000 0.006667
0 0.515357 0.639048 0.005000 0.007619
0 0.535357 0.641429 0.003571 0.006667
0 0.531786 0.648571 0.005000 0.007619
0 0.537500 0.647619 0.005000 0.007619
0 0.565714 0.624762 0.004286 0.005714
0 0.573571 0.636190 0.004286 0.005714
0 0.580714 0.628571 0.005714 0.007619
0 0.588214 0.624286 0.003571 0.006667
0 0.605357 0.622857 0.003571 0.007619
0 0.617143 0.613333 0.005714 0.007619
0 0.656429 0.591429 0.004286 0.005714
0 0.776786 0.582857 0.006429 0.005714
0 0.776429 0.587619 0.005714 0.005714
0 0.789643 0.578571 0.005000 0.006667
0 0.788214 0.584286 0.007857 0.008571
0 0.831429 0.580000 0.004286 0.005714
0 0.835000 0.577619 0.005714 0.004762
0 0.835357 0.586667 0.006429 0.007619
0 0.834286 0.587619 0.004286 0.003810
0 0.955000 0.537619 0.008571 0.006667
0 0.970357 0.534286 0.009286 0.005714
0 0.979643 0.543810 0.010714 0.005714
