0 0.187143 0.053333 0.005714 0.011429
0 0.142143 0.088095 0.008571 0.010476
0 0.137500 0.085238 0.005000 0.008571
0 0.137500 0.088571 0.005000 0.007619
0 0.108929 0.082381 0.007857 0.008571
0 0.111429 0.078571 0.008571 0.008571
0 0.145357 0.100952 0.009286 0.009524
0 0.160000 0.122381 0.005714 0.008571
0 0.157500 0.125714 0.005000 0.009524
0 0.156071 0.130000 0.005000 0.008571
0 0.153929 0.164762 0.005000 0.007619
0 0.150714 0.168095 0.007143 0.008571
0 0.148571 0.169524 0.005714 0.009524
0 0.144286 0.186667 0.005714 0.007619
0 0.146429 0.203333 0.005714 0.008571
0 0.138929 0.187619 0.006429 0.007619
0 0.138214 0.193810 0.005000 0.006667
0 0.147857 0.256190 0.005714 0.005714
0 0.160357 0.265714 0.007857 0.005714
0 0.158214 0.272857 0.005000 0.006667
0 0.163929 0.272381 0.005000 0.007619
0 0.114286 0.296667 0.008571 0.006667
0 0.109643 0.301905 0.006429 0.005714
0 0.113929 0.391905 0.006429 0.004762
0 0.109286 0.390000 0.005714 0.006667
0 0.385714 0.308571 0.005714 0.007619
0 0.476071 0.360000 0.003571 0.005714
0 0.477143 0.365714 0.004286 0.005714
0 0.298214 0.043333 0.003571 0.008571
0 0.298571 0.038571 0.004286 0.006667
0 0.307857 0.035238 0.004286 0.007619
0 0.310714 0.040476 0.002857 0.006667
0 0.315714 0.042381 0.004286 0.008571
0 0.326071 0.061429 0.003571 0.008571
0 0.485714 0.083333 0.005714 0.012381
0 0.484286 0.086667 0.002857 0.005714
0 0.558214 0.162857 0.003571 0.009524
0 0.562500 0.162381 0.003571 0.008571
0 0.582857 0.093810 0.004286 0.008571
0 0.587857 0.091905 0.004286 0.006667
0 0.588571 0.070000 0.002857 0.010476
0 0.586429 0.066667 0.002857 0.007619
0 0.591429 0.037143 0.004286 0.009524
0 0.592857 0.033333 0.004286 0.007619
0 0.357500 0.715238 0.003571 0.005714
0 0.362857 0.714286 0.004286 0.005714
0 0.363571 0.706667 0.004286 0.005714
0 0.371071 0.680952 0.003571 0.009524
0 0.375000 0.683333 0.004286 0.004762
0 0.406786 0.598571 0.003571 0.008571
0 0.410000 0.600952 0.004286 0.005714
0 0.403214 0.605714 0.003571 0.005714
0 0.402500 0.612381 0.002143 0.005714
0 0.405357 0.612381 0.003571 0.003810
0 0.768929 0.387619 0.009286 0.011429
0 0.038214 0.767619 0.010714 0.009524
0 0.045714 0.780000 0.008571 0.009524
0 0.147143 0.900952 0.007143 0.005714
0 0.144286 0.905714 0.008571 0.007619
0 0.202143 0.948571 0.008571 0.009524
0 0.154286 0.910476 0.008571 0.007619
