0 0.406786 0.169524 0.019286 0.034286
0 0.361786 0.224286 0.017857 0.039048
0 0.412143 0.271429 0.014286 0.038095
0 0.383571 0.399524 0.018571 0.050476
0 0.272857 0.445714 0.017143 0.053333
0 0.306786 0.449048 0.020714 0.054286
0 0.435357 0.444286 0.016429 0.042857
0 0.263214 0.605714 0.023571 0.036190
0 0.368571 0.644762 0.018571 0.057143
0 0.471786 0.589524 0.023571 0.059048
0 0.528929 0.116190 0.007857 0.024762
0 0.951071 0.104286 0.012143 0.029524
0 0.801071 0.134762 0.009286 0.035238
0 0.823929 0.131905 0.010714 0.033333
0 0.382500 0.201429 0.009286 0.027619
0 0.418571 0.205714 0.011429 0.034286
0 0.489286 0.167143 0.010000 0.035238
0 0.516786 0.174286 0.010714 0.034286
0 0.496429 0.112381 0.005714 0.022857
0 0.312857 0.606667 0.024286 0.055238
0 0.626071 0.651905 0.020714 0.060000
