0 0.282857 0.144286 0.002857 0.008571
0 0.282143 0.138095 0.004286 0.011429
0 0.362500 0.176667 0.002143 0.008571
0 0.313214 0.170000 0.002143 0.004762
0 0.342143 0.164762 0.002857 0.009524
0 0.307857 0.169524 0.002857 0.005714
0 0.348214 0.204762 0.003571 0.005714
0 0.340000 0.210476 0.002857 0.005714
0 0.342857 0.210476 0.002857 0.007619
0 0.371071 0.150476 0.002143 0.011429
0 0.386786 0.181905 0.002143 0.005714
0 0.386429 0.173333 0.002857 0.005714
0 0.386429 0.636667 0.004286 0.008571
0 0.390357 0.629524 0.002143 0.007619
0 0.246071 0.831905 0.009286 0.010476
0 0.501786 0.621429 0.003571 0.010476
0 0.553929 0.638571 0.003571 0.006667
0 0.565357 0.196667 0.003571 0.008571
0 0.557143 0.214762 0.002857 0.006667
0 0.563214 0.197143 0.002143 0.005714
0 0.562143 0.158095 0.002857 0.009524
0 0.552143 0.153810 0.002857 0.008571
0 0.681071 0.882381 0.003571 0.010476
0 0.880000 0.744762 0.004286 0.011429
0 0.883214 0.744286 0.003571 0.006667
0 0.890357 0.907143 0.006429 0.008571
0 0.715357 0.079524 0.003571 0.006667
0 0.685714 0.238571 0.002857 0.010476
0 0.704286 0.119524 0.002857 0.004762
0 0.647857 0.265238 0.002857 0.004762
0 0.829286 0.068095 0.004286 0.006667
0 0.837143 0.106667 0.004286 0.005714
0 0.929286 0.092381 0.004286 0.007619
0 0.855357 0.360476 0.005000 0.008571
0 0.839286 0.427143 0.004286 0.006667
0 0.841429 0.532381 0.004286 0.011429
0 0.836786 0.526667 0.005000 0.009524
0 0.841429 0.513810 0.004286 0.008571
0 0.922500 0.961429 0.007857 0.010476
0 0.910714 0.853333 0.004286 0.007619
0 0.928929 0.932857 0.006429 0.006667
0 0.927857 0.860000 0.005714 0.009524
0 0.929643 0.846190 0.007857 0.004762
