0 0.201429 0.320431 0.007143 0.021574
0 0.033214 0.428299 0.012143 0.031726
0 0.185000 0.462563 0.011429 0.031726
0 0.346786 0.234137 0.007857 0.026650
0 0.422500 0.206218 0.006429 0.024112
0 0.419643 0.206218 0.003571 0.026650
0 0.342143 0.399746 0.005714 0.025381
0 0.278929 0.454949 0.007857 0.026650
0 0.333929 0.408629 0.006429 0.025381
0 0.501786 0.302030 0.005000 0.025381
0 0.542143 0.170051 0.005714 0.022843
0 0.466071 0.063452 0.003571 0.015228
0 0.607500 0.097081 0.006429 0.024112
0 0.599643 0.107234 0.005000 0.021574
0 0.641071 0.080584 0.006429 0.016497
0 0.290714 0.036802 0.005714 0.020305
0 0.313214 0.163071 0.003571 0.019036
0 0.297857 0.142766 0.005714 0.019036
0 0.574286 0.486675 0.008571 0.024112
0 0.458929 0.506980 0.005000 0.021574
0 0.430714 0.515863 0.008571 0.019036
0 0.414286 0.528553 0.008571 0.021574
0 0.400714 0.541878 0.007143 0.022843
0 0.388929 0.564086 0.009286 0.024112
0 0.209643 0.828046 0.007857 0.024112
0 0.306429 0.810914 0.007143 0.030457
0 0.300000 0.826777 0.008571 0.021574
0 0.327500 0.930838 0.010714 0.029188
0 0.305714 0.977792 0.007143 0.024112
0 0.298929 0.980964 0.007857 0.022843
0 0.680000 0.838832 0.008571 0.030457
0 0.731786 0.863579 0.009286 0.029188
0 0.733214 0.895939 0.009286 0.022843
0 0.716071 0.823604 0.010714 0.022843
0 0.603929 0.524112 0.006429 0.022843
0 0.728571 0.147208 0.007143 0.020305
0 0.738929 0.148477 0.007857 0.020305
0 0.747500 0.144036 0.006429 0.024112
0 0.757143 0.128173 0.004286 0.025381
0 0.752143 0.138325 0.004286 0.025381
0 0.728571 0.576142 0.007143 0.020305
0 0.726429 0.567259 0.008571 0.020305
0 0.715714 0.854061 0.010000 0.027919
0 0.551429 0.454949 0.008571 0.031726
0 0.444643 0.501904 0.005000 0.021574
0 0.447143 0.526015 0.007143 0.024112
0 0.325000 0.509518 0.008571 0.024112
0 0.310714 0.506980 0.007143 0.021574
0 0.318571 0.510787 0.005714 0.024112
0 0.304643 0.528553 0.006429 0.026650
0 0.321786 0.526015 0.006429 0.026650
0 0.738214 0.136421 0.005000 0.019036
