0 0.437857 0.827619 0.005714 0.009524
0 0.478571 0.780000 0.004286 0.009524
0 0.451786 0.785714 0.005000 0.009524
0 0.475714 0.707619 0.004286 0.011429
0 0.454286 0.720476 0.004286 0.008571
0 0.454643 0.700952 0.005000 0.007619
0 0.462857 0.702857 0.004286 0.011429
0 0.470000 0.686190 0.004286 0.006667
0 0.466429 0.680952 0.002857 0.007619
0 0.476071 0.669048 0.005000 0.006667
0 0.463214 0.662857 0.003571 0.007619
0 0.465000 0.638571 0.004286 0.006667
0 0.476429 0.628095 0.004286 0.006667
0 0.466786 0.612857 0.005000 0.006667
0 0.463929 0.590000 0.003571 0.006667
0 0.460000 0.588095 0.002857 0.006667
0 0.466429 0.578095 0.004286 0.003810
0 0.469286 0.573810 0.004286 0.004762
0 0.456429 0.571905 0.004286 0.004762
0 0.463571 0.570476 0.002857 0.007619
0 0.467143 0.567143 0.002857 0.006667
0 0.466786 0.555714 0.003571 0.006667
0 0.459643 0.524762 0.005000 0.007619
0 0.455357 0.525238 0.003571 0.006667
0 0.415357 0.548571 0.005000 0.007619
0 0.445000 0.367143 0.007143 0.006667
0 0.438571 0.131429 0.004286 0.009524
0 0.434286 0.129524 0.004286 0.009524
0 0.937143 0.319048 0.008571 0.007619
0 0.920714 0.284762 0.008571 0.007619
0 0.767143 0.604286 0.007143 0.006667
0 0.766786 0.613810 0.007857 0.006667
0 0.740714 0.657619 0.005714 0.004762
0 0.742857 0.663810 0.007143 0.005714
0 0.744643 0.668571 0.007857 0.005714
0 0.786429 0.620952 0.005714 0.005714
0 0.788929 0.624286 0.005000 0.006667
0 0.793929 0.621905 0.006429 0.005714
0 0.789286 0.616667 0.005714 0.004762
0 0.791071 0.610000 0.006429 0.008571
0 0.846429 0.573333 0.008571 0.007619
0 0.849286 0.577619 0.008571 0.004762
0 0.833214 0.546190 0.007857 0.008571
0 0.835357 0.549524 0.007857 0.005714
0 0.891429 0.423810 0.010000 0.007619
