0 0.298214 0.271905 0.012143 0.023810
0 0.358571 0.224286 0.007143 0.023810
0 0.413214 0.231429 0.006429 0.024762
0 0.401429 0.215238 0.005714 0.019048
0 0.402857 0.212381 0.005714 0.020952
0 0.488214 0.194762 0.006429 0.018095
0 0.597857 0.186667 0.005714 0.017143
0 0.633571 0.179524 0.004286 0.016190
0 0.634286 0.158095 0.004286 0.011429
0 0.769643 0.146667 0.005000 0.013333
0 0.918571 0.111429 0.002857 0.007619
0 0.994286 0.150952 0.005714 0.014286
0 0.952857 0.166190 0.007143 0.018095
0 0.844643 0.224762 0.006429 0.015238
0 0.794643 0.288095 0.009286 0.037143
0 0.107857 0.365714 0.014286 0.032381
0 0.296071 0.793810 0.029286 0.080952
0 0.646786 0.705238 0.027857 0.082857
0 0.722143 0.567619 0.018571 0.066667
0 0.742500 0.568095 0.022143 0.058095
0 0.756071 0.572857 0.019286 0.061905
0 0.757143 0.549048 0.020000 0.058095
0 0.758571 0.529048 0.020000 0.060000
0 0.712857 0.380000 0.011429 0.047619
0 0.573214 0.694762 0.045000 0.063810
0 0.727143 0.521429 0.018571 0.050476
0 0.776429 0.450952 0.020000 0.050476
0 0.702143 0.943333 0.028571 0.094286
0 0.068214 0.943810 0.040714 0.087619
0 0.124286 0.961905 0.038571 0.076190
0 0.090357 0.969524 0.043571 0.059048
0 0.218571 0.972381 0.050000 0.055238
