0 0.015714 0.035533 0.010000 0.020305
0 0.098214 0.039340 0.006429 0.017766
0 0.094643 0.036168 0.006429 0.019036
0 0.148214 0.077411 0.007857 0.022843
0 0.173214 0.108503 0.007857 0.021574
0 0.168929 0.113579 0.009286 0.021574
0 0.385357 0.361675 0.006429 0.020305
0 0.380714 0.368655 0.007143 0.021574
0 0.208929 0.941624 0.015000 0.022843
0 0.166071 0.828680 0.010714 0.017766
0 0.163571 0.751904 0.012857 0.026650
0 0.118571 0.729695 0.011429 0.022843
0 0.120357 0.700508 0.010714 0.025381
0 0.022857 0.510152 0.034286 0.045685
