0 0.751071 0.629442 0.006429 0.017766
0 0.542500 0.545685 0.005000 0.017766
0 0.182500 0.151650 0.005000 0.013959
0 0.174286 0.161802 0.005714 0.016497
0 0.057500 0.220812 0.006429 0.010152
0 0.058214 0.286168 0.007857 0.013959
0 0.055357 0.282360 0.006429 0.011421
0 0.088214 0.305203 0.007857 0.013959
0 0.120357 0.342640 0.006429 0.015228
0 0.136786 0.350888 0.006429 0.016497
0 0.088929 0.616117 0.007857 0.011421
0 0.865000 0.395305 0.005714 0.013959
0 0.029286 0.066624 0.007143 0.019036
0 0.007143 0.076142 0.007143 0.015228
0 0.866786 0.389594 0.006429 0.010152
0 0.870714 0.381980 0.007143 0.015228
