0 0.464248 0.485158 0.002610 0.007421
0 0.555063 0.411874 0.002610 0.005566
0 0.556628 0.429963 0.001566 0.004638
0 0.534447 0.519944 0.003132 0.012059
0 0.539405 0.521336 0.002610 0.009276
0 0.550887 0.538033 0.002610 0.007421
0 0.539666 0.628942 0.004175 0.012987
0 0.539405 0.714286 0.004697 0.018553
0 0.489301 0.788497 0.006785 0.025974
0 0.498173 0.808442 0.005741 0.025046
0 0.508873 0.813544 0.005219 0.024119
0 0.641180 0.753247 0.004697 0.018553
0 0.676148 0.697588 0.003653 0.018553
0 0.623695 0.638683 0.004175 0.013915
0 0.620042 0.652597 0.004175 0.019481
0 0.628914 0.616419 0.004175 0.017625
