0 0.168214 0.815238 0.026429 0.019048
0 0.363929 0.812857 0.017857 0.020000
0 0.731071 0.655238 0.019286 0.015238
0 0.725000 0.642857 0.018571 0.020952
0 0.710000 0.635714 0.014286 0.018095
0 0.587500 0.517143 0.013571 0.024762
0 0.518929 0.538571 0.009286 0.020000
0 0.629643 0.434762 0.013571 0.021905
0 0.671071 0.436190 0.015000 0.019048
0 0.581429 0.300952 0.010000 0.022857
0 0.604643 0.310000 0.010714 0.025714
0 0.605357 0.367143 0.010714 0.023810
0 0.602500 0.328571 0.015000 0.022857
0 0.631786 0.406190 0.015000 0.021905
0 0.693214 0.395238 0.016429 0.019048
0 0.738929 0.358095 0.013571 0.019048
0 0.728571 0.350952 0.018571 0.023810
0 0.712500 0.348571 0.015000 0.022857
0 0.656786 0.418095 0.016429 0.022857
0 0.651786 0.439524 0.019286 0.027619
0 0.562143 0.322857 0.011429 0.028571
0 0.457500 0.424762 0.012143 0.022857
0 0.512857 0.439524 0.011429 0.018095
0 0.528929 0.471905 0.012143 0.020000
0 0.536429 0.469048 0.005714 0.014286
0 0.521071 0.452381 0.015000 0.020952
0 0.888571 0.977143 0.018571 0.020952
0 0.928929 0.954286 0.022143 0.028571
