0 0.120000 0.057143 0.015714 0.024762
0 0.283571 0.201905 0.011429 0.024762
0 0.362143 0.160000 0.010000 0.034286
0 0.471429 0.144762 0.011429 0.034286
0 0.462143 0.178095 0.011429 0.028571
0 0.469643 0.108095 0.012143 0.029524
0 0.346786 0.100952 0.019286 0.032381
0 0.388929 0.064762 0.013571 0.036190
0 0.486071 0.101429 0.012143 0.027619
0 0.461429 0.087143 0.010000 0.027619
0 0.328571 0.052381 0.015714 0.028571
0 0.575714 0.213333 0.012857 0.030476
0 0.421429 0.174286 0.017143 0.020952
0 0.392143 0.152381 0.012857 0.019048
0 0.373571 0.165714 0.010000 0.020952
0 0.591429 0.280000 0.012857 0.028571
0 0.603571 0.273810 0.011429 0.027619
0 0.737143 0.339048 0.015714 0.024762
0 0.780714 0.414286 0.018571 0.022857
0 0.665714 0.268095 0.010000 0.029524
0 0.573214 0.125238 0.009286 0.023810
0 0.762500 0.463810 0.016429 0.024762
0 0.807143 0.379524 0.018571 0.021905
0 0.702500 0.240476 0.015000 0.031429
0 0.840714 0.030000 0.022857 0.040952
0 0.858929 0.017619 0.017857 0.035238
0 0.794286 0.329524 0.017143 0.028571
0 0.470714 0.726190 0.014286 0.025714
0 0.495000 0.968571 0.012857 0.022857
0 0.506071 0.925238 0.016429 0.029524
0 0.398214 0.959524 0.016429 0.031429
0 0.353214 0.988095 0.012143 0.021905
0 0.378571 0.950476 0.014286 0.020952
0 0.366786 0.970476 0.015000 0.024762
