0 0.259643 0.677143 0.027857 0.055238
0 0.153214 0.370476 0.019286 0.041905
0 0.143571 0.366190 0.020000 0.039048
0 0.772500 0.375238 0.012143 0.040000
0 0.290000 0.227143 0.010000 0.029524
0 0.282857 0.221905 0.007143 0.022857
0 0.294643 0.215238 0.007857 0.024762
0 0.446786 0.195714 0.006429 0.027619
0 0.429643 0.207619 0.009286 0.028571
0 0.460714 0.190000 0.007143 0.025714
0 0.477857 0.136667 0.007143 0.014286
0 0.485714 0.040476 0.004286 0.018095
0 0.471071 0.042381 0.005000 0.016190
0 0.517143 0.106190 0.007143 0.014286
0 0.552857 0.022381 0.005714 0.014286
