0 0.447143 0.665714 0.002857 0.009524
0 0.372143 0.641429 0.002857 0.008571
0 0.328929 0.686667 0.003571 0.011429
0 0.323929 0.672857 0.003571 0.012381
0 0.282857 0.685238 0.002857 0.008571
0 0.280000 0.683810 0.002857 0.013333
0 0.064643 0.891429 0.009286 0.030476
0 0.239286 0.855714 0.005714 0.027619
0 0.248214 0.857143 0.006429 0.026667
0 0.667857 0.723810 0.002857 0.015238
0 0.671429 0.724286 0.002857 0.016190
0 0.652143 0.696667 0.002857 0.012381
0 0.560357 0.610000 0.002143 0.006667
0 0.840000 0.825238 0.007143 0.021905
0 0.848571 0.823810 0.007143 0.022857
