0 0.070357 0.206853 0.007857 0.027919
0 0.075357 0.209391 0.006429 0.015228
0 0.034286 0.035533 0.005714 0.020305
0 0.032500 0.049492 0.006429 0.022843
0 0.022857 0.011421 0.005714 0.017766
0 0.027857 0.037437 0.004286 0.013959
0 0.237143 0.202411 0.005714 0.026650
0 0.230357 0.201142 0.006429 0.026650
0 0.246429 0.241751 0.005714 0.026650
0 0.238929 0.246827 0.007857 0.029188
0 0.411071 0.545051 0.007857 0.029188
0 0.366071 0.418147 0.007857 0.031726
0 0.103571 0.289340 0.007143 0.025381
0 0.095000 0.291878 0.007143 0.025381
0 0.041071 0.109772 0.005000 0.019036
0 0.089286 0.196701 0.005714 0.022843
0 0.078929 0.197970 0.005000 0.022843
0 0.048214 0.095812 0.005000 0.019036
0 0.163571 0.062817 0.005714 0.021574
0 0.162857 0.090736 0.005714 0.021574
0 0.167143 0.086294 0.005714 0.017766
0 0.172500 0.088198 0.006429 0.021574
0 0.023571 0.034898 0.004286 0.016497
