0 0.354286 0.122381 0.010000 0.020000
0 0.254286 0.125238 0.012857 0.025714
0 0.454643 0.488095 0.010714 0.018095
0 0.466786 0.481905 0.009286 0.017143
0 0.475000 0.494286 0.007143 0.019048
0 0.280000 0.540952 0.011429 0.017143
0 0.067857 0.416190 0.018571 0.020952
0 0.082500 0.422381 0.019286 0.018095
0 0.092143 0.480476 0.018571 0.020000
0 0.023929 0.448571 0.019286 0.019048
0 0.064643 0.518571 0.020714 0.020000
0 0.011071 0.680000 0.022143 0.019048
0 0.021429 0.802381 0.020000 0.014286
0 0.072143 0.696190 0.018571 0.017143
0 0.017143 0.884286 0.025714 0.014286
0 0.512500 0.766190 0.012143 0.014286
0 0.992500 0.498571 0.015000 0.020000
