0 0.642750 0.558667 0.009500 0.044000
0 0.668500 0.553000 0.010000 0.042000
0 0.725000 0.576667 0.009000 0.045333
0 0.709750 0.568000 0.011500 0.038667
0 0.734250 0.777667 0.017500 0.054000
0 0.747500 0.766667 0.016000 0.052000
0 0.848000 0.503667 0.014000 0.030000
0 0.876750 0.488667 0.011500 0.025333
0 0.451750 0.508333 0.011500 0.035333
0 0.477500 0.467333 0.011000 0.034667
0 0.475000 0.488000 0.011000 0.036000
0 0.398750 0.202000 0.004500 0.014667
0 0.269000 0.252333 0.006000 0.018000
0 0.264500 0.251000 0.006000 0.018000
0 0.245750 0.257000 0.005500 0.016667
0 0.946000 0.276667 0.006000 0.014667
0 0.952000 0.279333 0.005000 0.012000
0 0.906750 0.208000 0.004500 0.012000
0 0.910250 0.206667 0.004500 0.014667
