0 0.243929 0.418095 0.006429 0.024762
0 0.315714 0.447619 0.007143 0.022857
0 0.339643 0.737143 0.003571 0.022857
0 0.345714 0.741905 0.004286 0.022857
0 0.355357 0.747143 0.006429 0.023810
0 0.349643 0.822381 0.006429 0.027619
0 0.360357 0.830476 0.007857 0.022857
0 0.415000 0.868095 0.008571 0.039048
0 0.428214 0.868095 0.009286 0.039048
0 0.401071 0.755238 0.006429 0.022857
0 0.396429 0.074762 0.005714 0.014286
0 0.543214 0.055714 0.006429 0.023810
0 0.552143 0.051905 0.007143 0.023810
0 0.575357 0.070476 0.005000 0.019048
0 0.572143 0.058571 0.004286 0.020000
0 0.816429 0.530952 0.011429 0.040952
