0 0.136000 0.944667 0.008000 0.020000
0 0.109250 0.949667 0.008500 0.014000
0 0.123500 0.937667 0.009000 0.022000
0 0.193250 0.771333 0.006500 0.018667
0 0.200250 0.766000 0.006500 0.016000
0 0.235250 0.747000 0.006500 0.016667
0 0.233750 0.739000 0.006500 0.018000
0 0.608750 0.637333 0.003500 0.012000
0 0.422500 0.440000 0.003000 0.009333
0 0.427250 0.410667 0.003500 0.008000
0 0.417500 0.411333 0.003000 0.006667
0 0.411500 0.404333 0.003000 0.008667
0 0.565250 0.417000 0.002500 0.008667
0 0.825250 0.975000 0.007500 0.019333
