0 0.382143 0.318095 0.004286 0.009524
0 0.382500 0.290476 0.009286 0.013333
0 0.364643 0.290476 0.013571 0.013333
0 0.350714 0.290476 0.012857 0.011429
0 0.335000 0.290952 0.011429 0.012381
0 0.320714 0.290476 0.011429 0.013333
0 0.307500 0.290952 0.012143 0.012381
0 0.418929 0.793333 0.007857 0.028571
0 0.267143 0.987143 0.010000 0.021905
0 0.646071 0.552381 0.007857 0.020952
0 0.686429 0.764762 0.010000 0.026667
0 0.648571 0.764762 0.010000 0.026667
0 0.624286 0.763810 0.014286 0.026667
0 0.659643 0.764762 0.009286 0.036190
0 0.597143 0.396190 0.004286 0.015238
