0 0.278929 0.321701 0.002143 0.008883
0 0.148571 0.865482 0.004286 0.012690
0 0.150714 0.861675 0.004286 0.012690
0 0.226071 0.871827 0.003571 0.015228
0 0.371071 0.809010 0.003571 0.008883
0 0.328214 0.769036 0.005000 0.010152
0 0.457857 0.781726 0.002857 0.010152
0 0.481786 0.755711 0.002143 0.011421
0 0.636786 0.674492 0.003571 0.011421
0 0.636429 0.668782 0.002857 0.012690
0 0.631429 0.670051 0.002857 0.010152
0 0.790714 0.482234 0.002857 0.007614
0 0.895000 0.467005 0.002857 0.010152
0 0.832500 0.473350 0.002143 0.010152
0 0.936429 0.457487 0.002857 0.008883
0 0.958214 0.448604 0.002143 0.006345
0 0.891071 0.467640 0.002143 0.008883
0 0.752857 0.310279 0.001429 0.006345
0 0.702500 0.305838 0.002143 0.005076
0 0.402500 0.295051 0.002143 0.008883
0 0.399643 0.286168 0.002143 0.006345
0 0.495357 0.154822 0.002143 0.007614
0 0.209286 0.427030 0.002857 0.006345
