0 0.101429 0.580952 0.002857 0.007619
0 0.080714 0.596667 0.002857 0.008571
0 0.767500 0.852381 0.003571 0.011429
0 0.728571 0.908095 0.002857 0.008571
0 0.732500 0.908571 0.003571 0.011429
0 0.738929 0.907619 0.002143 0.007619
0 0.745000 0.916190 0.002857 0.009524
0 0.739643 0.917143 0.002143 0.009524
0 0.742143 0.918095 0.002857 0.007619
0 0.710357 0.902381 0.002143 0.006667
0 0.810357 0.837619 0.003571 0.010476
0 0.805714 0.922381 0.002857 0.008571
0 0.813571 0.936667 0.002857 0.008571
0 0.806786 0.930000 0.002143 0.006667
0 0.830714 0.883810 0.002857 0.009524
0 0.834643 0.883810 0.002143 0.009524
0 0.807857 0.877143 0.002857 0.007619
0 0.851071 0.830952 0.003571 0.008571
0 0.857500 0.830000 0.002143 0.006667
0 0.860357 0.831905 0.002143 0.008571
0 0.733214 0.983810 0.005000 0.007619
0 0.768571 0.992381 0.002857 0.011429
0 0.761786 0.991905 0.003571 0.010476
0 0.741429 0.986190 0.002857 0.010476
0 0.749643 0.990000 0.002143 0.008571
0 0.746429 0.991429 0.002857 0.005714
0 0.720357 0.616667 0.002143 0.006667
0 0.694643 0.869524 0.002143 0.007619
0 0.817500 0.789048 0.002143 0.008571
0 0.807143 0.791429 0.002857 0.005714
0 0.775714 0.755714 0.002857 0.008571
0 0.772857 0.755714 0.001429 0.006667
0 0.771071 0.754762 0.002143 0.004762
0 0.773571 0.736667 0.001429 0.006667
0 0.794286 0.786667 0.002857 0.009524
0 0.844643 0.740000 0.002143 0.007619
0 0.805357 0.699048 0.002143 0.005714
0 0.770000 0.695714 0.002857 0.008571
0 0.788214 0.702857 0.002143 0.005714
0 0.770714 0.690000 0.001429 0.006667
0 0.836786 0.653333 0.002143 0.005714
0 0.765000 0.633333 0.001429 0.005714
0 0.762500 0.633810 0.002143 0.004762
0 0.850357 0.662857 0.002143 0.009524
0 0.874643 0.605238 0.002143 0.006667
0 0.853929 0.637619 0.002143 0.006667
0 0.865357 0.634762 0.002143 0.006667
0 0.847500 0.634762 0.002143 0.006667
0 0.851786 0.636667 0.002143 0.006667
0 0.845000 0.637619 0.002857 0.004762
0 0.843929 0.635714 0.002143 0.006667
0 0.850357 0.723810 0.002143 0.007619
