0 0.060750 0.341333 0.003500 0.014667
0 0.068750 0.345667 0.005500 0.011333
0 0.075000 0.348667 0.004000 0.012000
0 0.167750 0.241667 0.004500 0.008667
0 0.614250 0.386333 0.005500 0.014000
0 0.626250 0.376333 0.004500 0.014000
0 0.666500 0.398000 0.004000 0.014667
0 0.651000 0.349667 0.004000 0.014000
0 0.657000 0.353667 0.004000 0.014000
0 0.661750 0.315000 0.004500 0.011333
0 0.685250 0.308000 0.003500 0.012000
0 0.688000 0.307667 0.003000 0.012667
0 0.105750 0.930000 0.015500 0.024000
0 0.187250 0.713000 0.007500 0.020667
0 0.610750 0.186000 0.004500 0.010667
