0 0.526824 0.729485 0.016452 0.048664
0 0.536123 0.691794 0.016452 0.051527
0 0.981402 0.387882 0.010014 0.033397
0 0.121245 0.451813 0.015021 0.033397
0 0.666309 0.378817 0.012160 0.020992
0 0.621960 0.455630 0.009299 0.031489
0 0.570458 0.463263 0.013591 0.031489
0 0.549714 0.455153 0.007868 0.032443
0 0.609442 0.388359 0.012876 0.022901
0 0.558655 0.388836 0.010014 0.031489
0 0.580830 0.386927 0.011445 0.031489
0 0.527182 0.321088 0.008584 0.023855
0 0.542203 0.325382 0.005722 0.024809
0 0.110157 0.418893 0.008584 0.013359
0 0.292918 0.453721 0.012160 0.029580
0 0.384835 0.230916 0.005722 0.003817
0 0.465308 0.291031 0.005007 0.017176
0 0.462089 0.282920 0.005722 0.020038
0 0.287554 0.338263 0.008584 0.021947
0 0.114807 0.385973 0.009299 0.023855
0 0.123748 0.374046 0.012876 0.019084
0 0.384120 0.223282 0.004292 0.011450
