0 0.162143 0.411802 0.001429 0.008883
0 0.167857 0.542513 0.002857 0.008883
0 0.170714 0.541878 0.002857 0.010152
0 0.172143 0.539975 0.002857 0.008883
0 0.165357 0.544416 0.002143 0.010152
0 0.069286 0.606599 0.002857 0.010152
0 0.406071 0.889594 0.003571 0.020305
0 0.379286 0.911168 0.004286 0.017766
0 0.432857 0.846447 0.002857 0.015228
0 0.449643 0.827411 0.002143 0.010152
0 0.468571 0.810279 0.002857 0.011421
0 0.455000 0.827411 0.002857 0.010152
0 0.455357 0.819797 0.003571 0.010152
0 0.431786 0.784898 0.005000 0.008883
0 0.570000 0.964467 0.004286 0.012690
0 0.945714 0.302030 0.001429 0.010152
0 0.938214 0.307741 0.002143 0.006345
0 0.936071 0.308376 0.002143 0.005076
0 0.929643 0.321066 0.002143 0.005076
0 0.934643 0.341371 0.002143 0.007614
