0 0.181786 0.172589 0.007857 0.020305
0 0.272857 0.127538 0.005714 0.021574
0 0.273929 0.236041 0.005000 0.020305
0 0.270000 0.236041 0.005714 0.017766
0 0.098929 0.114848 0.006429 0.019036
0 0.253214 0.352157 0.007857 0.019036
0 0.346071 0.163071 0.005000 0.019036
0 0.350000 0.189721 0.004286 0.021574
0 0.353214 0.186548 0.006429 0.022843
0 0.328214 0.173858 0.006429 0.012690
0 0.427857 0.343274 0.004286 0.024112
0 0.450000 0.344543 0.004286 0.024112
0 0.470357 0.363579 0.005000 0.021574
0 0.805714 0.271574 0.007143 0.015228
0 0.930357 0.585025 0.010714 0.022843
0 0.906786 0.590736 0.010714 0.024112
0 0.980714 0.536168 0.011429 0.024112
0 0.988571 0.543782 0.011429 0.021574
0 0.995357 0.556472 0.009286 0.021574
0 0.904286 0.477792 0.007143 0.019036
0 0.537857 0.836294 0.007143 0.025381
0 0.543571 0.833756 0.007143 0.030457
0 0.546786 0.706218 0.006429 0.021574
0 0.486786 0.679569 0.006429 0.024112
0 0.532143 0.649112 0.007143 0.019036
0 0.152500 0.885787 0.007857 0.025381
0 0.143214 0.814086 0.013571 0.021574
