0 0.775000 0.333810 0.004286 0.008571
0 0.779643 0.337143 0.005000 0.009524
0 0.765000 0.329524 0.002857 0.007619
0 0.756429 0.327619 0.004286 0.007619
0 0.753571 0.319524 0.002857 0.006667
0 0.768214 0.322857 0.003571 0.005714
0 0.762143 0.326190 0.002857 0.006667
0 0.787143 0.335238 0.002857 0.005714
0 0.692500 0.304762 0.003571 0.007619
0 0.743214 0.315714 0.002143 0.006667
0 0.643571 0.260952 0.002857 0.005714
0 0.643214 0.198095 0.003571 0.007619
0 0.650000 0.193333 0.002857 0.007619
0 0.630714 0.149524 0.002857 0.005714
0 0.632500 0.149524 0.003571 0.005714
