0 0.513000 0.773333 0.013000 0.025333
0 0.448750 0.667667 0.007500 0.019333
0 0.502500 0.650333 0.007000 0.024667
0 0.688000 0.828000 0.009000 0.022667
0 0.346250 0.710000 0.008500 0.022667
0 0.423750 0.547333 0.006500 0.013333
0 0.165750 0.301667 0.006500 0.015333
0 0.238500 0.357333 0.005000 0.014667
0 0.243000 0.328667 0.005000 0.012000
0 0.245750 0.383333 0.005500 0.016000
0 0.249750 0.383000 0.005500 0.016667
0 0.245750 0.388333 0.004500 0.016667
0 0.251500 0.311333 0.005000 0.012000
0 0.301000 0.275667 0.004000 0.012667
0 0.225750 0.290000 0.004500 0.012000
