0 0.542250 0.819667 0.013500 0.050000
0 0.520250 0.810667 0.014500 0.052000
0 0.499000 0.852333 0.015000 0.054000
0 0.499000 0.807333 0.013000 0.041333
0 0.503500 0.792000 0.010000 0.032000
0 0.508250 0.775667 0.010500 0.044667
0 0.504000 0.739333 0.013000 0.041333
0 0.496500 0.733667 0.011000 0.043333
0 0.501000 0.702333 0.008000 0.030000
0 0.624250 0.777667 0.014500 0.043333
0 0.678500 0.789333 0.013000 0.033333
0 0.708000 0.779333 0.014000 0.037333
0 0.638500 0.745667 0.015000 0.020667
0 0.645750 0.728667 0.011500 0.018667
0 0.463750 0.874333 0.018500 0.036667
0 0.473500 0.766667 0.008000 0.038667
0 0.906500 0.835333 0.015000 0.040000
0 0.703000 0.725667 0.011000 0.023333
0 0.513500 0.634000 0.007000 0.025333
