0 0.151429 0.782857 0.042857 0.049524
0 0.653214 0.202857 0.009286 0.040000
0 0.655714 0.149048 0.010000 0.033333
0 0.643571 0.147619 0.011429 0.034286
0 0.846429 0.391429 0.020000 0.043810
0 0.692500 0.219048 0.010714 0.030476
0 0.797857 0.377143 0.018571 0.049524
0 0.978214 0.646667 0.033571 0.051429
0 0.866786 0.307619 0.020714 0.043810
0 0.866071 0.276667 0.015000 0.044762
0 0.751786 0.191429 0.012143 0.034286
0 0.721429 0.278571 0.015714 0.033333
0 0.555714 0.054762 0.008571 0.025714
0 0.550357 0.037619 0.009286 0.025714
0 0.988571 0.779524 0.021429 0.050476
