0 0.792500 0.473333 0.007857 0.041905
0 0.829643 0.325238 0.012143 0.029524
0 0.990000 0.264762 0.011429 0.026667
0 0.977500 0.255714 0.010714 0.027619
0 0.717857 0.206667 0.007143 0.022857
0 0.942143 0.058571 0.005714 0.016190
0 0.925714 0.060476 0.004286 0.018095
0 0.906429 0.064762 0.007143 0.019048
0 0.864643 0.080000 0.007857 0.015238
0 0.841071 0.092381 0.005000 0.020952
0 0.822500 0.121429 0.009286 0.018095
0 0.822857 0.136190 0.008571 0.020952
0 0.919286 0.099048 0.007143 0.017143
0 0.912857 0.099524 0.005714 0.016190
0 0.795000 0.157619 0.011429 0.021905
0 0.481071 0.170476 0.010714 0.022857
0 0.049643 0.495714 0.019286 0.037143
0 0.065000 0.477143 0.024286 0.040000
0 0.248929 0.357619 0.016429 0.037143
0 0.458571 0.476190 0.014286 0.028571
0 0.186786 0.306190 0.006429 0.014286
0 0.957500 0.790000 0.032143 0.063810
0 0.552143 0.081905 0.005714 0.017143
